3
488 176 264
-0.01499999966472387 -0.02357199974358082 -0.3050000071525574 
0.01499999966472387 -0.02357199974358082 -0.3050000071525574 
0.01499999966472387 -0.02089300006628036 -0.2949999868869781 
-0.01499999966472387 -0.02089300006628036 -0.2949999868869781 
-0.01499999966472387 -0.02089300006628036 -0.2949999868869781 
0.01499999966472387 -0.02089300006628036 -0.2949999868869781 
0.01499999966472387 -0.01357199996709824 -0.287678986787796 
-0.01499999966472387 -0.01357199996709824 -0.287678986787796 
-0.01499999966472387 -0.008031000383198261 -0.2861950099468231 
-0.01499999966472387 -0.01357199996709824 -0.287678986787796 
0.01499999966472387 -0.01357199996709824 -0.287678986787796 
0.01499999966472387 -0.008031000383198261 -0.2861950099468231 
0.01499999966472387 0.01575800031423569 -0.302498996257782 
0.01499999966472387 0.01642799936234951 -0.3050000071525574 
-0.01499999966472387 0.01642799936234951 -0.3050000071525574 
-0.01499999966472387 0.01575800031423569 -0.302498996257782 
-0.01499999966472387 0.01642799936234951 -0.3050000071525574 
0.01499999966472387 0.01642799936234951 -0.3050000071525574 
0.01499999966472387 0.01374800037592649 -0.3149999976158142 
-0.01499999966472387 0.01374800037592649 -0.3149999976158142 
-0.01499999966472387 0.01374800037592649 -0.3149999976158142 
0.01499999966472387 0.01374800037592649 -0.3149999976158142 
0.01499999966472387 0.006428000051528215 -0.3223200142383575 
-0.01499999966472387 0.006428000051528215 -0.3223200142383575 
-0.01499999966472387 0.006428000051528215 -0.3223200142383575 
0.01499999966472387 0.006428000051528215 -0.3223200142383575 
0.01499999966472387 -0.00357199995778501 -0.324999988079071 
-0.01499999966472387 -0.00357199995778501 -0.324999988079071 
-0.01499999966472387 -0.00357199995778501 -0.324999988079071 
0.01499999966472387 -0.00357199995778501 -0.324999988079071 
0.01499999966472387 -0.01357199996709824 -0.3223200142383575 
-0.01499999966472387 -0.01357199996709824 -0.3223200142383575 
-0.01499999966472387 -0.01357199996709824 -0.3223200142383575 
0.01499999966472387 -0.01357199996709824 -0.3223200142383575 
0.01499999966472387 -0.02089300006628036 -0.3149999976158142 
-0.01499999966472387 -0.02089300006628036 -0.3149999976158142 
-0.01499999966472387 -0.02089300006628036 -0.3149999976158142 
0.01499999966472387 -0.02089300006628036 -0.3149999976158142 
0.01499999966472387 -0.02357199974358082 -0.3050000071525574 
-0.01499999966472387 -0.02357199974358082 -0.3050000071525574 
0.01499999966472387 -0.02357199974358082 -0.3050000071525574 
0.01499999966472387 -0.02089300006628036 -0.3149999976158142 
0.01499999966472387 -0.00357199995778501 -0.324999988079071 
0.01499999966472387 -0.02089300006628036 -0.2949999868869781 
0.01499999966472387 0.006428000051528215 -0.3223200142383575 
0.01499999966472387 -0.01357199996709824 -0.3223200142383575 
0.01499999966472387 0.01374800037592649 -0.3149999976158142 
0.01499999966472387 -5.199999941396527e-05 -0.2986280024051666 
0.01499999966472387 -0.007300000172108412 -0.2885130047798157 
0.01499999966472387 -0.008031000383198261 -0.2861950099468231 
0.01499999966472387 -0.01357199996709824 -0.287678986787796 
0.01499999966472387 0.01642799936234951 -0.3050000071525574 
0.01499999966472387 0.01177399978041649 -0.302498996257782 
0.01499999966472387 0.01575800031423569 -0.302498996257782 
-0.01499999966472387 -0.02357199974358082 -0.3050000071525574 
-0.01499999966472387 -0.00357199995778501 -0.324999988079071 
-0.01499999966472387 -0.02089300006628036 -0.3149999976158142 
-0.01499999966472387 -0.02089300006628036 -0.2949999868869781 
-0.01499999966472387 0.006428000051528215 -0.3223200142383575 
-0.01499999966472387 -0.01357199996709824 -0.3223200142383575 
-0.01499999966472387 0.01374800037592649 -0.3149999976158142 
-0.01499999966472387 -5.199999941396527e-05 -0.2986280024051666 
-0.01499999966472387 -0.007300000172108412 -0.2885130047798157 
-0.01499999966472387 -0.01357199996709824 -0.287678986787796 
-0.01499999966472387 -0.008031000383198261 -0.2861950099468231 
-0.01499999966472387 0.01177399978041649 -0.302498996257782 
-0.01499999966472387 0.01642799936234951 -0.3050000071525574 
-0.01499999966472387 0.01575800031423569 -0.302498996257782 
-0.01499999966472387 0.01575800031423569 -0.302498996257782 
0.02500000037252903 0.0271259993314743 -0.302498996257782 
0.01499999966472387 0.01575800031423569 -0.302498996257782 
0.02500000037252903 0.01177399978041649 -0.302498996257782 
-0.02500000037252903 0.01177399978041649 -0.302498996257782 
-0.02500000037252903 0.0271259993314743 -0.302498996257782 
0.01499999966472387 0.01177399978041649 -0.302498996257782 
-0.01499999966472387 0.01177399978041649 -0.302498996257782 
-0.02500000037252903 0.01177399978041649 -0.302498996257782 
-0.01499999966472387 0.01177399978041649 -0.302498996257782 
-0.01499999966472387 -5.199999941396527e-05 -0.2986280024051666 
-0.02500000037252903 -5.199999941396527e-05 -0.2986280024051666 
-0.02500000037252903 -5.199999941396527e-05 -0.2986280024051666 
-0.01499999966472387 -5.199999941396527e-05 -0.2986280024051666 
-0.01499999966472387 -0.007300000172108412 -0.2885130047798157 
-0.02500000037252903 -0.007300000172108412 -0.2885130047798157 
0.01499999966472387 -0.008031000383198261 -0.2861950099468231 
0.01499999966472387 -0.007300000172108412 -0.2885130047798157 
0.02500000037252903 -0.007300000172108412 -0.2885130047798157 
-0.01499999966472387 -0.008031000383198261 -0.2861950099468231 
-0.02500000037252903 -0.007300000172108412 -0.2885130047798157 
-0.01499999966472387 -0.007300000172108412 -0.2885130047798157 
0.02500000037252903 -0.03346699848771095 -0.2055210024118423 
-0.02500000037252903 -0.03346699848771095 -0.2055210024118423 
-0.02500000037252903 -0.03346699848771095 -0.2055210024118423 
0.02500000037252903 -0.03346699848771095 -0.2055210024118423 
0.02500000037252903 -0.03745099902153015 -0.1884340047836304 
-0.02500000037252903 -0.03745099902153015 -0.1884340047836304 
-0.02500000037252903 -0.03745099902153015 -0.1884340047836304 
0.02500000037252903 -0.03745099902153015 -0.1884340047836304 
0.02500000037252903 -0.03878900036215782 -0.1709409952163696 
-0.02500000037252903 -0.03878900036215782 -0.1709409952163696 
-0.02500000037252903 -0.03878900036215782 -0.1709409952163696 
0.02500000037252903 -0.03878900036215782 -0.1709409952163696 
0.02500000037252903 -0.03878900036215782 -0.08930999785661697 
-0.02500000037252903 -0.03878900036215782 -0.08930999785661697 
-0.02500000037252903 -0.03878900036215782 -0.08930999785661697 
0.02500000037252903 -0.03878900036215782 -0.08930999785661697 
0.02500000037252903 -0.03293099999427795 -0.07516799867153168 
-0.02500000037252903 -0.03293099999427795 -0.07516799867153168 
-0.02500000037252903 -0.03293099999427795 -0.07516799867153168 
0.02500000037252903 -0.03293099999427795 -0.07516799867153168 
     0 -0.01999999955296516 -0.06981199979782104 
0.02500000037252903 -0.01878900080919266 -0.06931000202894211 
-0.02500000037252903 -0.01878900080919266 -0.06931000202894211 
0.004519999958574772 -0.01878900080919266 -0.06931000202894211 
-0.004519999958574772 -0.01878900080919266 -0.06931000202894211 
0.009999999776482582 -0.01731999963521957 -0.06931000202894211 
0.02500000037252903 -0.01878900080919266 -0.06931000202894211 
0.01731999963521957 -0.009999999776482582 -0.06931000202894211 
0.01999999955296516      0 -0.06931000202894211 
0.004519999958574772 -0.01878900080919266 -0.06931000202894211 
0.01731999963521957 0.009999999776482582 -0.06931000202894211 
0.02500000037252903 0.01878700032830238 -0.06931000202894211 
0.009999999776482582 0.01731999963521957 -0.06931000202894211 
0.004526999779045582 0.01878700032830238 -0.06931000202894211 
0.02500000037252903 0.03085399977862835 -0.07336000353097916 
0.004526999779045582 0.01878700032830238 -0.06931000202894211 
0.02500000037252903 0.01878700032830238 -0.06931000202894211 
-0.02500000037252903 0.03085399977862835 -0.07336000353097916 
     0 0.01999999955296516 -0.06971699744462967 
-0.02500000037252903 0.01878700032830238 -0.06931000202894211 
-0.004526999779045582 0.01878700032830238 -0.06931000202894211 
-0.02500000037252903 0.03085399977862835 -0.07336000353097916 
0.02500000037252903 0.03085399977862835 -0.07336000353097916 
0.02500000037252903 0.03803300112485886 -0.08387099951505661 
-0.02500000037252903 0.03803300112485886 -0.08387099951505661 
-0.02500000037252903 0.03803300112485886 -0.08387099951505661 
0.02500000037252903 0.03803300112485886 -0.08387099951505661 
0.02500000037252903 0.05896700173616409 -0.1579509973526001 
-0.02500000037252903 0.05896700173616409 -0.1579509973526001 
-0.02500000037252903 0.05896700173616409 -0.1579509973526001 
0.02500000037252903 0.05896700173616409 -0.1579509973526001 
0.02500000037252903 0.06163499876856804 -0.1734749972820282 
-0.02500000037252903 0.06163499876856804 -0.1734749972820282 
-0.02500000037252903 0.06163499876856804 -0.1734749972820282 
0.02500000037252903 0.06163499876856804 -0.1734749972820282 
0.02500000037252903 0.0610009990632534 -0.1892140060663223 
-0.02500000037252903 0.0610009990632534 -0.1892140060663223 
-0.02500000037252903 0.0610009990632534 -0.1892140060663223 
0.02500000037252903 0.0610009990632534 -0.1892140060663223 
0.02500000037252903 0.04691499844193459 -0.2853969931602478 
-0.02500000037252903 0.04691499844193459 -0.2853969931602478 
-0.02500000037252903 0.04691499844193459 -0.2853969931602478 
0.02500000037252903 0.04691499844193459 -0.2853969931602478 
0.02500000037252903 0.04020300135016441 -0.2976320087909698 
-0.02500000037252903 0.04020300135016441 -0.2976320087909698 
-0.02500000037252903 0.04020300135016441 -0.2976320087909698 
0.02500000037252903 0.04020300135016441 -0.2976320087909698 
0.02500000037252903 0.0271259993314743 -0.302498996257782 
-0.02500000037252903 0.0271259993314743 -0.302498996257782 
-0.04100000113248825 -0.01449699979275465 -0.2091529965400696 
-0.04100000113248825 -0.01036600023508072 -0.2139409929513931 
-0.03299999982118607 -0.01363399997353554 -0.221450001001358 
-0.03299999982118607 -0.0229289997369051 -0.2106750011444092 
-0.04100000113248825 -0.0040480000898242 -0.2142339944839478 
-0.04100000113248825 0.03611600026488304 -0.1991100013256073 
-0.03299999982118607 0.04261400178074837 -0.206279993057251 
-0.03299999982118607 0.0005810000002384186 -0.222108006477356 
-0.04100000113248825 -0.01036600023508072 -0.2139409929513931 
-0.04100000113248825 -0.0040480000898242 -0.2142339944839478 
-0.03299999982118607 0.0005810000002384186 -0.222108006477356 
-0.03299999982118607 -0.01363399997353554 -0.221450001001358 
-0.03299999982118607 0.0003990000113844872 -0.2846640050411224 
-0.03299999982118607 -0.01363399997353554 -0.221450001001358 
-0.03299999982118607 0.0005810000002384186 -0.222108006477356 
-0.03299999982118607 -0.0229289997369051 -0.2106750011444092 
-0.03299999982118607 0.005237000063061714 -0.2914159893989563 
-0.03299999982118607 0.01312999986112118 -0.2939989864826202 
-0.03299999982118607 0.02559500001370907 -0.2939989864826202 
-0.03299999982118607 0.03872599825263023 -0.2826510071754456 
-0.03299999982118607 0.04939699918031693 -0.2000029981136322 
-0.03299999982118607 0.05252600088715553 -0.1884250044822693 
-0.03299999982118607 0.04261400178074837 -0.206279993057251 
-0.03299999982118607 0.03427299857139587 -0.2907690107822418 
-0.03299999982118607 0.05252600088715553 -0.1884250044822693 
-0.02500000037252903 0.06163499876856804 -0.1734749972820282 
-0.02500000037252903 0.0610009990632534 -0.1892140060663223 
-0.04100000113248825 0.0445760004222393 -0.1745849996805191 
-0.04100000113248825 0.04405099898576736 -0.1876360028982162 
-0.02500000037252903 0.05896700173616409 -0.1579509973526001 
-0.02500000037252903 0.06163499876856804 -0.1734749972820282 
-0.04100000113248825 0.0445760004222393 -0.1745849996805191 
-0.04100000113248825 0.04236400127410889 -0.1617120057344437 
-0.02500000037252903 0.03803300112485886 -0.08387099951505661 
-0.02500000037252903 0.05896700173616409 -0.1579509973526001 
-0.04100000113248825 0.04236400127410889 -0.1617120057344437 
-0.04100000113248825 0.02242900058627129 -0.09116599708795547 
-0.02500000037252903 0.03085399977862835 -0.07336000353097916 
-0.02500000037252903 0.03803300112485886 -0.08387099951505661 
-0.04100000113248825 0.02242900058627129 -0.09116599708795547 
-0.04100000113248825 0.02003500051796436 -0.08766099810600281 
-0.02500000037252903 0.01878700032830238 -0.06931000202894211 
-0.02500000037252903 0.03085399977862835 -0.07336000353097916 
-0.04100000113248825 0.02003500051796436 -0.08766099810600281 
-0.04100000113248825 0.01600999943912029 -0.0863099992275238 
-0.02500000037252903 -0.01878900080919266 -0.06931000202894211 
-0.02500000037252903 0.01878700032830238 -0.06931000202894211 
-0.04100000113248825 0.01600999943912029 -0.0863099992275238 
-0.04100000113248825 -0.01540699973702431 -0.0863099992275238 
-0.02500000037252903 -0.03293099999427795 -0.07516799867153168 
-0.02500000037252903 -0.01878900080919266 -0.06931000202894211 
-0.04100000113248825 -0.01540699973702431 -0.0863099992275238 
-0.04100000113248825 -0.01992000080645084 -0.08817899972200394 
-0.02500000037252903 -0.03878900036215782 -0.08930999785661697 
-0.02500000037252903 -0.03293099999427795 -0.07516799867153168 
-0.04100000113248825 -0.01992000080645084 -0.08817899972200394 
-0.04100000113248825 -0.02178899943828583 -0.09269099682569504 
-0.02500000037252903 -0.03878900036215782 -0.1709409952163696 
-0.02500000037252903 -0.03878900036215782 -0.08930999785661697 
-0.04100000113248825 -0.02178899943828583 -0.09269099682569504 
-0.04100000113248825 -0.02178899943828583 -0.170291006565094 
-0.02500000037252903 -0.03745099902153015 -0.1884340047836304 
-0.02500000037252903 -0.03878900036215782 -0.1709409952163696 
-0.04100000113248825 -0.02178899943828583 -0.170291006565094 
-0.04100000113248825 -0.02059900015592575 -0.1858409941196442 
-0.02500000037252903 -0.03346699848771095 -0.2055210024118423 
-0.02500000037252903 -0.03745099902153015 -0.1884340047836304 
-0.04100000113248825 -0.02059900015592575 -0.1858409941196442 
-0.04100000113248825 -0.01705799996852875 -0.2010280042886734 
-0.03299999982118607 0.02559500001370907 -0.2939989864826202 
-0.02500000037252903 0.0271259993314743 -0.302498996257782 
-0.02500000037252903 0.01177399978041649 -0.302498996257782 
-0.03299999982118607 0.01312999986112118 -0.2939989864826202 
-0.02500000037252903 0.04020300135016441 -0.2976320087909698 
-0.02500000037252903 0.0271259993314743 -0.302498996257782 
-0.03299999982118607 0.02559500001370907 -0.2939989864826202 
-0.03299999982118607 0.03427299857139587 -0.2907690107822418 
-0.02500000037252903 0.04020300135016441 -0.2976320087909698 
-0.03299999982118607 0.03427299857139587 -0.2907690107822418 
-0.03299999982118607 0.03872599825263023 -0.2826510071754456 
-0.02500000037252903 0.04691499844193459 -0.2853969931602478 
-0.02500000037252903 0.04691499844193459 -0.2853969931602478 
-0.03299999982118607 0.03872599825263023 -0.2826510071754456 
-0.03299999982118607 0.05252600088715553 -0.1884250044822693 
-0.02500000037252903 0.0610009990632534 -0.1892140060663223 
-0.03299999982118607 0.005237000063061714 -0.2914159893989563 
-0.02500000037252903 -5.199999941396527e-05 -0.2986280024051666 
-0.02500000037252903 -0.007300000172108412 -0.2885130047798157 
-0.03299999982118607 0.0003990000113844872 -0.2846640050411224 
-0.03299999982118607 0.01312999986112118 -0.2939989864826202 
-0.02500000037252903 0.01177399978041649 -0.302498996257782 
-0.02500000037252903 -5.199999941396527e-05 -0.2986280024051666 
-0.03299999982118607 0.005237000063061714 -0.2914159893989563 
-0.03299999982118607 0.0003990000113844872 -0.2846640050411224 
-0.02500000037252903 -0.007300000172108412 -0.2885130047798157 
-0.03299999982118607 -0.0229289997369051 -0.2106750011444092 
-0.02500000037252903 -0.03346699848771095 -0.2055210024118423 
-0.04100000113248825 -0.01449699979275465 -0.2091529965400696 
-0.04100000113248825 -0.01705799996852875 -0.2010280042886734 
-0.04100000113248825 -0.01705799996852875 -0.2010280042886734 
-0.04100000113248825 -0.02059900015592575 -0.1858409941196442 
-0.04100000113248825 -0.0040480000898242 -0.2142339944839478 
-0.04100000113248825 -0.01036600023508072 -0.2139409929513931 
-0.04100000113248825 -0.01449699979275465 -0.2091529965400696 
-0.04100000113248825 -0.02178899943828583 -0.170291006565094 
-0.04100000113248825 -0.01540699973702431 -0.0863099992275238 
-0.04100000113248825 -0.02178899943828583 -0.09269099682569504 
-0.04100000113248825 -0.01992000080645084 -0.08817899972200394 
-0.04100000113248825 0.01600999943912029 -0.0863099992275238 
-0.04100000113248825 0.03611600026488304 -0.1991100013256073 
-0.04100000113248825 0.04236400127410889 -0.1617120057344437 
-0.04100000113248825 0.04405099898576736 -0.1876360028982162 
-0.04100000113248825 0.04123299941420555 -0.1954070031642914 
-0.04100000113248825 0.0445760004222393 -0.1745849996805191 
-0.04100000113248825 0.02242900058627129 -0.09116599708795547 
-0.04100000113248825 0.02003500051796436 -0.08766099810600281 
0.04100000113248825 -0.01449699979275465 -0.2091529965400696 
0.03299999982118607 -0.0229289997369051 -0.2106750011444092 
0.03299999982118607 -0.01363399997353554 -0.221450001001358 
0.04100000113248825 -0.01036600023508072 -0.2139409929513931 
0.04100000113248825 -0.0040480000898242 -0.2142339944839478 
0.03299999982118607 0.0005810000002384186 -0.222108006477356 
0.03299999982118607 0.04261400178074837 -0.206279993057251 
0.04100000113248825 0.03611600026488304 -0.1991100013256073 
0.04100000113248825 -0.01036600023508072 -0.2139409929513931 
0.03299999982118607 -0.01363399997353554 -0.221450001001358 
0.03299999982118607 0.0005810000002384186 -0.222108006477356 
0.04100000113248825 -0.0040480000898242 -0.2142339944839478 
0.03299999982118607 0.0003990000113844872 -0.2846640050411224 
0.03299999982118607 0.0005810000002384186 -0.222108006477356 
0.03299999982118607 -0.01363399997353554 -0.221450001001358 
0.03299999982118607 -0.0229289997369051 -0.2106750011444092 
0.03299999982118607 0.005237000063061714 -0.2914159893989563 
0.03299999982118607 0.01312999986112118 -0.2939989864826202 
0.03299999982118607 0.02559500001370907 -0.2939989864826202 
0.03299999982118607 0.03872599825263023 -0.2826510071754456 
0.03299999982118607 0.05252600088715553 -0.1884250044822693 
0.03299999982118607 0.04939699918031693 -0.2000029981136322 
0.03299999982118607 0.04261400178074837 -0.206279993057251 
0.03299999982118607 0.03427299857139587 -0.2907690107822418 
0.03299999982118607 0.05252600088715553 -0.1884250044822693 
0.02500000037252903 0.0610009990632534 -0.1892140060663223 
0.02500000037252903 0.06163499876856804 -0.1734749972820282 
0.04100000113248825 0.0445760004222393 -0.1745849996805191 
0.04100000113248825 0.04405099898576736 -0.1876360028982162 
0.02500000037252903 0.05896700173616409 -0.1579509973526001 
0.04100000113248825 0.04236400127410889 -0.1617120057344437 
0.04100000113248825 0.0445760004222393 -0.1745849996805191 
0.02500000037252903 0.06163499876856804 -0.1734749972820282 
0.02500000037252903 0.03803300112485886 -0.08387099951505661 
0.04100000113248825 0.02242900058627129 -0.09116599708795547 
0.04100000113248825 0.04236400127410889 -0.1617120057344437 
0.02500000037252903 0.05896700173616409 -0.1579509973526001 
0.02500000037252903 0.03085399977862835 -0.07336000353097916 
0.04100000113248825 0.02003500051796436 -0.08766099810600281 
0.04100000113248825 0.02242900058627129 -0.09116599708795547 
0.02500000037252903 0.03803300112485886 -0.08387099951505661 
0.02500000037252903 0.01878700032830238 -0.06931000202894211 
0.04100000113248825 0.01600999943912029 -0.0863099992275238 
0.04100000113248825 0.02003500051796436 -0.08766099810600281 
0.02500000037252903 0.03085399977862835 -0.07336000353097916 
0.02500000037252903 -0.01878900080919266 -0.06931000202894211 
0.04100000113248825 -0.01540699973702431 -0.0863099992275238 
0.04100000113248825 0.01600999943912029 -0.0863099992275238 
0.02500000037252903 0.01878700032830238 -0.06931000202894211 
0.02500000037252903 -0.03293099999427795 -0.07516799867153168 
0.04100000113248825 -0.01992000080645084 -0.08817899972200394 
0.04100000113248825 -0.01540699973702431 -0.0863099992275238 
0.02500000037252903 -0.01878900080919266 -0.06931000202894211 
0.02500000037252903 -0.03878900036215782 -0.08930999785661697 
0.04100000113248825 -0.02178899943828583 -0.09269099682569504 
0.04100000113248825 -0.01992000080645084 -0.08817899972200394 
0.02500000037252903 -0.03293099999427795 -0.07516799867153168 
0.02500000037252903 -0.03878900036215782 -0.1709409952163696 
0.04100000113248825 -0.02178899943828583 -0.170291006565094 
0.04100000113248825 -0.02178899943828583 -0.09269099682569504 
0.02500000037252903 -0.03878900036215782 -0.08930999785661697 
0.02500000037252903 -0.03745099902153015 -0.1884340047836304 
0.04100000113248825 -0.02059900015592575 -0.1858409941196442 
0.04100000113248825 -0.02178899943828583 -0.170291006565094 
0.02500000037252903 -0.03878900036215782 -0.1709409952163696 
0.02500000037252903 -0.03346699848771095 -0.2055210024118423 
0.04100000113248825 -0.01705799996852875 -0.2010280042886734 
0.04100000113248825 -0.02059900015592575 -0.1858409941196442 
0.02500000037252903 -0.03745099902153015 -0.1884340047836304 
0.03299999982118607 0.02559500001370907 -0.2939989864826202 
0.03299999982118607 0.01312999986112118 -0.2939989864826202 
0.02500000037252903 0.01177399978041649 -0.302498996257782 
0.02500000037252903 0.0271259993314743 -0.302498996257782 
0.02500000037252903 0.04020300135016441 -0.2976320087909698 
0.03299999982118607 0.03427299857139587 -0.2907690107822418 
0.03299999982118607 0.02559500001370907 -0.2939989864826202 
0.02500000037252903 0.0271259993314743 -0.302498996257782 
0.02500000037252903 0.04020300135016441 -0.2976320087909698 
0.02500000037252903 0.04691499844193459 -0.2853969931602478 
0.03299999982118607 0.03872599825263023 -0.2826510071754456 
0.03299999982118607 0.03427299857139587 -0.2907690107822418 
0.02500000037252903 0.04691499844193459 -0.2853969931602478 
0.02500000037252903 0.0610009990632534 -0.1892140060663223 
0.03299999982118607 0.05252600088715553 -0.1884250044822693 
0.03299999982118607 0.03872599825263023 -0.2826510071754456 
0.03299999982118607 0.005237000063061714 -0.2914159893989563 
0.03299999982118607 0.0003990000113844872 -0.2846640050411224 
0.02500000037252903 -0.007300000172108412 -0.2885130047798157 
0.02500000037252903 -5.199999941396527e-05 -0.2986280024051666 
0.03299999982118607 0.01312999986112118 -0.2939989864826202 
0.03299999982118607 0.005237000063061714 -0.2914159893989563 
0.02500000037252903 -5.199999941396527e-05 -0.2986280024051666 
0.02500000037252903 0.01177399978041649 -0.302498996257782 
0.03299999982118607 0.0003990000113844872 -0.2846640050411224 
0.03299999982118607 -0.0229289997369051 -0.2106750011444092 
0.02500000037252903 -0.007300000172108412 -0.2885130047798157 
0.02500000037252903 -0.03346699848771095 -0.2055210024118423 
0.04100000113248825 -0.01449699979275465 -0.2091529965400696 
0.04100000113248825 -0.01705799996852875 -0.2010280042886734 
0.04100000113248825 -0.01705799996852875 -0.2010280042886734 
0.04100000113248825 -0.0040480000898242 -0.2142339944839478 
0.04100000113248825 -0.02059900015592575 -0.1858409941196442 
0.04100000113248825 -0.01449699979275465 -0.2091529965400696 
0.04100000113248825 -0.01036600023508072 -0.2139409929513931 
0.04100000113248825 -0.02178899943828583 -0.170291006565094 
0.04100000113248825 -0.01540699973702431 -0.0863099992275238 
0.04100000113248825 -0.02178899943828583 -0.09269099682569504 
0.04100000113248825 -0.01992000080645084 -0.08817899972200394 
0.04100000113248825 0.01600999943912029 -0.0863099992275238 
0.04100000113248825 0.03611600026488304 -0.1991100013256073 
0.04100000113248825 0.04236400127410889 -0.1617120057344437 
0.04100000113248825 0.04123299941420555 -0.1954070031642914 
0.04100000113248825 0.04405099898576736 -0.1876360028982162 
0.04100000113248825 0.0445760004222393 -0.1745849996805191 
0.04100000113248825 0.02242900058627129 -0.09116599708795547 
0.04100000113248825 0.02003500051796436 -0.08766099810600281 
0.01499999966472387 0.01177399978041649 -0.302498996257782 
0.02500000037252903 0.01177399978041649 -0.302498996257782 
0.02500000037252903 -5.199999941396527e-05 -0.2986280024051666 
0.01499999966472387 -5.199999941396527e-05 -0.2986280024051666 
0.01499999966472387 -5.199999941396527e-05 -0.2986280024051666 
0.02500000037252903 -5.199999941396527e-05 -0.2986280024051666 
0.02500000037252903 -0.007300000172108412 -0.2885130047798157 
0.01499999966472387 -0.007300000172108412 -0.2885130047798157 
-0.02500000037252903 -0.01878900080919266 -0.06931000202894211 
-0.004519999958574772 -0.01878900080919266 -0.06931000202894211 
-0.009999999776482582 -0.01731999963521957 -0.06931000202894211 
-0.01999999955296516      0 -0.06931000202894211 
-0.01731999963521957 -0.009999999776482582 -0.06931000202894211 
-0.02500000037252903 0.01878700032830238 -0.06931000202894211 
-0.009999999776482582 0.01731999963521957 -0.06931000202894211 
-0.004526999779045582 0.01878700032830238 -0.06931000202894211 
-0.01731999963521957 0.009999999776482582 -0.06931000202894211 
0.01999999955296516      0 -0.06931000202894211 
0.01999999955296516      0 -9.999999747378752e-05 
0.01731999963521957 -0.009999999776482582 -9.999999747378752e-05 
0.01731999963521957 -0.009999999776482582 -0.06931000202894211 
0.01731999963521957 -0.009999999776482582 -0.06931000202894211 
0.01731999963521957 -0.009999999776482582 -9.999999747378752e-05 
0.009999999776482582 -0.01731999963521957 -9.999999747378752e-05 
0.009999999776482582 -0.01731999963521957 -0.06931000202894211 
0.004519999958574772 -0.01878900080919266 -0.06931000202894211 
0.009999999776482582 -0.01731999963521957 -0.06931000202894211 
0.009999999776482582 -0.01731999963521957 -9.999999747378752e-05 
     0 -0.01999999955296516 -0.06981199979782104 
     0 -0.01999999955296516 -9.999999747378752e-05 
-0.004519999958574772 -0.01878900080919266 -0.06931000202894211 
     0 -0.01999999955296516 -0.06981199979782104 
     0 -0.01999999955296516 -9.999999747378752e-05 
-0.009999999776482582 -0.01731999963521957 -0.06931000202894211 
-0.009999999776482582 -0.01731999963521957 -9.999999747378752e-05 
-0.009999999776482582 -0.01731999963521957 -0.06931000202894211 
-0.009999999776482582 -0.01731999963521957 -9.999999747378752e-05 
-0.01731999963521957 -0.009999999776482582 -9.999999747378752e-05 
-0.01731999963521957 -0.009999999776482582 -0.06931000202894211 
-0.01731999963521957 -0.009999999776482582 -0.06931000202894211 
-0.01731999963521957 -0.009999999776482582 -9.999999747378752e-05 
-0.01999999955296516      0 -9.999999747378752e-05 
-0.01999999955296516      0 -0.06931000202894211 
-0.01999999955296516      0 -0.06931000202894211 
-0.01999999955296516      0 -9.999999747378752e-05 
-0.01731999963521957 0.009999999776482582 -9.999999747378752e-05 
-0.01731999963521957 0.009999999776482582 -0.06931000202894211 
-0.01731999963521957 0.009999999776482582 -0.06931000202894211 
-0.01731999963521957 0.009999999776482582 -9.999999747378752e-05 
-0.009999999776482582 0.01731999963521957 -9.999999747378752e-05 
-0.009999999776482582 0.01731999963521957 -0.06931000202894211 
-0.004526999779045582 0.01878700032830238 -0.06931000202894211 
-0.009999999776482582 0.01731999963521957 -0.06931000202894211 
-0.009999999776482582 0.01731999963521957 -9.999999747378752e-05 
     0 0.01999999955296516 -0.06971699744462967 
     0 0.01999999955296516 -9.999999747378752e-05 
0.004526999779045582 0.01878700032830238 -0.06931000202894211 
     0 0.01999999955296516 -0.06971699744462967 
     0 0.01999999955296516 -9.999999747378752e-05 
0.009999999776482582 0.01731999963521957 -0.06931000202894211 
0.009999999776482582 0.01731999963521957 -9.999999747378752e-05 
0.009999999776482582 0.01731999963521957 -0.06931000202894211 
0.009999999776482582 0.01731999963521957 -9.999999747378752e-05 
0.01731999963521957 0.009999999776482582 -9.999999747378752e-05 
0.01731999963521957 0.009999999776482582 -0.06931000202894211 
0.01731999963521957 0.009999999776482582 -0.06931000202894211 
0.01731999963521957 0.009999999776482582 -9.999999747378752e-05 
0.01999999955296516      0 -9.999999747378752e-05 
0.01999999955296516      0 -0.06931000202894211 
-0.01999999955296516      0 -9.999999747378752e-05 
-0.01731999963521957 -0.009999999776482582 -9.999999747378752e-05 
     0 -0.01999999955296516 -9.999999747378752e-05 
     0 0.01999999955296516 -9.999999747378752e-05 
-0.009999999776482582 -0.01731999963521957 -9.999999747378752e-05 
0.009999999776482582 -0.01731999963521957 -9.999999747378752e-05 
-0.009999999776482582 0.01731999963521957 -9.999999747378752e-05 
-0.01731999963521957 0.009999999776482582 -9.999999747378752e-05 
0.01731999963521957 0.009999999776482582 -9.999999747378752e-05 
0.009999999776482582 0.01731999963521957 -9.999999747378752e-05 
0.01731999963521957 -0.009999999776482582 -9.999999747378752e-05 
0.01999999955296516      0 -9.999999747378752e-05 
-0.04100000113248825 0.04123299941420555 -0.1954070031642914 
-0.04100000113248825 0.04405099898576736 -0.1876360028982162 
-0.03299999982118607 0.05252600088715553 -0.1884250044822693 
-0.03299999982118607 0.04939699918031693 -0.2000029981136322 
-0.04100000113248825 0.03611600026488304 -0.1991100013256073 
-0.04100000113248825 0.04123299941420555 -0.1954070031642914 
-0.03299999982118607 0.04939699918031693 -0.2000029981136322 
-0.03299999982118607 0.04261400178074837 -0.206279993057251 
0.04100000113248825 0.04123299941420555 -0.1954070031642914 
0.03299999982118607 0.04939699918031693 -0.2000029981136322 
0.03299999982118607 0.05252600088715553 -0.1884250044822693 
0.04100000113248825 0.04405099898576736 -0.1876360028982162 
0.04100000113248825 0.03611600026488304 -0.1991100013256073 
0.03299999982118607 0.04261400178074837 -0.206279993057251 
0.03299999982118607 0.04939699918031693 -0.2000029981136322 
0.04100000113248825 0.04123299941420555 -0.1954070031642914 
3 137 133 446 
3 133 137 309 
3 139 137 446 
3 106 329 102 
3 329 106 330 
3 278 291 275 
3 293 298 22 
3 219 100 220 
3 133 451 446 
3 298 156 22 
3 137 310 309 
3 310 137 141 
3 139 134 195 
3 134 139 446 
3 191 139 195 
3 313 383 409 
3 321 330 409 
3 383 321 409 
3 278 292 291 
3 226 219 220 
3 134 439 195 
3 104 420 102 
3 291 361 275 
3 342 336 333 
3 336 332 333 
3 313 454 309 
3 454 313 409 
3 454 133 309 
3 454 451 133 
3 294 353 298 
3 353 156 298 
3 353 294 303 
3 303 388 141 
3 388 310 141 
3 143 191 186 
3 191 143 139 
3 187 143 186 
3 282 386 298 
3 386 294 298 
3 294 386 303 
3 293 279 298 
3 279 282 298 
3 279 292 278 
3 292 279 293 
3 440 134 446 
3 440 439 134 
3 439 199 195 
3 330 413 409 
3 106 413 330 
3 413 106 102 
3 461 427 104 
3 427 420 104 
3 41 341 275 
3 361 41 275 
3 41 361 291 
3 257 36 159 
3 353 358 148 
3 358 353 303 
3 148 358 141 
3 358 303 141 
3 147 183 240 
3 183 187 240 
3 143 183 147 
3 183 143 187 
3 208 461 104 
3 208 266 461 
3 208 218 266 
3 218 208 104 
3 199 432 267 
3 432 199 439 
3 432 207 267 
3 207 432 266 
3 266 432 461 
3 420 418 102 
3 418 413 102 
3 38 336 342 
3 341 38 342 
3 41 38 341 
3 29 293 22 
3 29 292 293 
3 36 171 159 
3 171 244 159 
3 244 171 36 
3 39 257 226 
3 257 39 36 
3 39 226 220 
3 271 178 187 
3 187 178 240 
3 292 30 291 
3 29 30 292 
3 30 41 291 
3 244 167 159 
3 163 235 164 
3 235 271 164 
3 235 178 271 
3 236 235 23 
3 235 236 240 
3 178 235 240 
3 32 244 36 
3 177 235 163 
3 177 27 23 
3 235 177 23 
3 167 231 163 
3 231 177 163 
3 231 167 244 
3 177 231 27 
3 231 32 27 
3 32 231 244 
3 332 329 333 
3 329 332 102 
3 332 104 102 
3 332 100 104 
3 332 336 100 
3 100 336 220 
3 353 148 147 
3 353 147 240 
3 236 353 240 
3 353 236 156 
3 156 236 22 
3 236 23 22 
3 139 143 137 
3 137 143 141 
3 148 143 147 
3 143 148 141 
3 279 321 383 
3 313 279 383 
3 279 342 333 
3 279 329 330 
3 279 341 342 
3 329 279 333 
3 279 278 275 
3 279 386 282 
3 310 279 309 
3 279 313 309 
3 321 279 330 
3 388 279 310 
3 341 279 275 
3 279 388 303 
3 386 279 303 
3 100 218 104 
3 218 100 219 
3 451 418 446 
3 427 418 420 
3 418 432 439 
3 454 418 451 
3 440 418 439 
3 418 454 409 
3 418 440 446 
3 413 418 409 
3 418 427 461 
3 432 418 461 
3 336 39 220 
3 38 39 336 
3 39 41 36 
3 39 38 41 
3 23 27 22 
3 27 29 22 
3 226 167 219 
3 191 167 186 
3 257 167 226 
3 167 207 266 
3 167 191 195 
3 218 167 266 
3 167 199 267 
3 167 187 186 
3 167 271 187 
3 199 167 195 
3 167 257 159 
3 271 167 164 
3 167 218 219 
3 207 167 267 
3 167 163 164 
3 41 32 36 
3 30 32 41 
3 27 32 29 
3 32 30 29 
Vertices and facets:
- p137(v22): 0.025 0.059 -0.16
  neighbors: f87 f88 f93 f181 f183 f461 f462
- p133(v20): 0.025 0.038 -0.084
  neighbors: f87 f88 f160 f259 f260
- p446(v11):     0  0.02 -0.0001
  neighbors: f87 f93 f160 f186 f301 f490 f496
- p309(v8): 0.041 0.022 -0.091
  neighbors: f88 f181 f257 f259 f477 f478
- p139(v23): -0.025 0.059 -0.16
  neighbors: f93 f185 f186 f188 f282 f461
- p329(v26): 0.041 -0.022 -0.093
  neighbors: f106 f107 f437 f438 f472 f474
- p106(v24): 0.025 -0.033 -0.075
  neighbors: f106 f107 f308 f309
- p102(v6): 0.025 -0.039 -0.089
  neighbors: f106 f230 f309 f361 f362 f438 f442
- p330(v14): 0.041 -0.02 -0.088
  neighbors: f107 f198 f307 f308 f472 f479
- p278(v27): 0.041 -0.01 -0.21
  neighbors: f108 f206 f294 f475
- p291(v15): 0.033 0.0052 -0.29
  neighbors: f108 f206 f235 f320 f403 f405
- p275(v1): 0.041 -0.014 -0.21
  neighbors: f108 f235 f316 f317 f475 f481
- p293(v28): 0.033 0.026 -0.29
  neighbors: f112 f291 f295 f369 f370
- p298(v9): 0.033 0.034 -0.29
  neighbors: f112 f163 f261 f262 f288 f289 f291 f292
- p22(v5): 0.015 0.0064 -0.32
  neighbors: f112 f163 f369 f458 f459 f510 f511
- p100(v33): -0.025 -0.039 -0.17
  neighbors: f136 f443 f445 f446 f486 f488
- p219(v31): -0.041 -0.022 -0.17
  neighbors: f136 f219 f488 f514 f526
- p220(v10): -0.025 -0.037 -0.19
  neighbors: f136 f219 f387 f446 f502
- p451(v39):  0.01 0.017 -0.0001
  neighbors: f160 f260 f490 f493
- p156(v40): 0.025  0.04  -0.3
  neighbors: f163 f262 f454 f458
- p310(v44): 0.041 0.042 -0.16
  neighbors: f181 f183 f280 f477 f480
- p141(v2): 0.025 0.062 -0.17
  neighbors: f183 f279 f280 f333 f334 f462 f467
- p134(v45): -0.025 0.038 -0.084
  neighbors: f185 f186 f223 f301 f302
- p195(v7): -0.041 0.022 -0.091
  neighbors: f185 f188 f223 f304 f518 f523
- p191(v46): -0.041 0.042 -0.16
  neighbors: f188 f281 f282 f515 f518
- p313(v48): 0.041  0.02 -0.088
  neighbors: f196 f257 f258 f470 f478
- p383(v25): 0.041 0.016 -0.086
  neighbors: f196 f199 f469 f470
- p409(v3):  0.02     0 -0.0001
  neighbors: f196 f198 f199 f258 f307 f495 f497
- p321(v49): 0.041 -0.015 -0.086
  neighbors: f198 f199 f469 f479
- p292(v51): 0.033 0.013 -0.29
  neighbors: f206 f294 f295 f370 f403 f404
- p226(v54): -0.041 -0.021 -0.19
  neighbors: f219 f385 f387 f514 f516
- p439(v55): -0.017  0.01 -0.0001
  neighbors: f223 f302 f304 f355 f492 f494
- p420(v56):     0 -0.02 -0.0001
  neighbors: f230 f313 f361 f491
- p104(v18): -0.025 -0.039 -0.089
  neighbors: f230 f312 f313 f347 f350 f442 f443 f486
- p361(v58): 0.033 0.0004 -0.28
  neighbors: f235 f317 f320
- p336(v61): 0.025 -0.037 -0.19
  neighbors: f250 f251 f363 f445 f446 f502 f503
- p342(v36): 0.041 -0.021 -0.19
  neighbors: f250 f363 f364 f471 f473
- p333(v13): 0.041 -0.022 -0.17
  neighbors: f250 f251 f437 f471 f474
- p332(v38): 0.025 -0.039 -0.17
  neighbors: f251 f437 f438 f442 f443 f445
- p454(v62): 0.017  0.01 -0.0001
  neighbors: f257 f258 f259 f260 f493 f495
- p353(v63): 0.025 0.047 -0.29
  neighbors: f261 f262 f263 f331 f332 f449 f450 f453 f454
- p294(v29): 0.033 0.039 -0.28
  neighbors: f261 f263 f289 f290
- p303(v16): 0.041 0.044 -0.19
  neighbors: f263 f279 f290 f332 f334 f482 f483
- p388(v66): 0.041 0.045 -0.17
  neighbors: f279 f280 f480 f482
- p143(v67): -0.025 0.062 -0.17
  neighbors: f281 f282 f283 f337 f338 f461 f462 f465 f467
- p186(v12): -0.041 0.045 -0.17
  neighbors: f281 f283 f515 f521
- p187(v65): -0.041 0.044 -0.19
  neighbors: f283 f336 f338 f391 f392 f521 f522
- p386(v68): 0.041 0.041  -0.2
  neighbors: f288 f289 f290 f476 f483
- p282(v50): 0.041 0.036  -0.2
  neighbors: f288 f292 f476
- p279(v69): 0.041 -0.004 -0.21
  neighbors: f291 f292 f294 f295 f469 f470 f471 f472 f473 f474 f475 f476 f477 f478 f479 f480 f481 f482 f483
- p440(v71): -0.01 0.017 -0.0001
  neighbors: f301 f302 f494 f496
- p199(v72): -0.041  0.02 -0.088
  neighbors: f304 f354 f355 f520 f523
- p413(v73): 0.017 -0.01 -0.0001
  neighbors: f307 f308 f309 f362 f497
- p427(v74): -0.01 -0.017 -0.0001
  neighbors: f312 f313 f491 f498
- p461(v32): -0.017 -0.01 -0.0001
  neighbors: f312 f347 f348 f359 f498 f499
- p41(v75): 0.015 -0.021 -0.31
  neighbors: f316 f317 f320 f365 f405 f507 f508 f531 f532
- p341(v59): 0.041 -0.017  -0.2
  neighbors: f316 f364 f365 f473 f481
- p257(v77): -0.041 -0.017  -0.2
  neighbors: f329 f385 f386 f516 f524
- p36(v60): -0.015 -0.021 -0.31
  neighbors: f329 f376 f378 f386 f423 f507 f531
- p159(v0): -0.041 -0.014 -0.21
  neighbors: f329 f376 f377 f410 f524
- p358(v78): 0.033 0.053 -0.19
  neighbors: f331 f332 f333 f334
- p148(v52): 0.025 0.061 -0.19
  neighbors: f331 f333 f449 f465 f467
- p183(v79): -0.033 0.053 -0.19
  neighbors: f335 f336 f337 f338
- p147(v47): -0.025 0.061 -0.19
  neighbors: f335 f337 f449 f450 f465
- p240(v21): -0.025 0.047 -0.29
  neighbors: f335 f336 f392 f419 f420 f450 f453
- p208(v82): -0.025 -0.033 -0.075
  neighbors: f347 f348 f349 f350
- p266(v70): -0.041 -0.02 -0.088
  neighbors: f348 f349 f358 f359 f517 f519
- p218(v81): -0.041 -0.022 -0.093
  neighbors: f349 f350 f486 f488 f519 f526
- p432(v84): -0.02     0 -0.0001
  neighbors: f354 f355 f357 f358 f359 f492 f499
- p267(v53): -0.041 0.016 -0.086
  neighbors: f354 f357 f520 f527
- p207(v83): -0.041 -0.015 -0.086
  neighbors: f357 f358 f517 f527
- p418(v85):  0.01 -0.017 -0.0001
  neighbors: f361 f362 f490 f491 f492 f493 f494 f495 f496 f497 f498 f499
- p38(v86): 0.015 -0.024 -0.31
  neighbors: f363 f364 f365 f503 f508
- p29(v87): 0.015 -0.0036 -0.32
  neighbors: f369 f370 f404 f511 f535 f537
- p171(v88): -0.033 0.0004 -0.28
  neighbors: f376 f377 f378
- p244(v76): -0.033 0.0052 -0.29
  neighbors: f377 f378 f410 f423 f433 f436
- p39(v91): -0.015 -0.024 -0.31
  neighbors: f385 f386 f387 f502 f503 f507 f508
- p178(v92): -0.033 0.039 -0.28
  neighbors: f391 f392 f414 f420
- p271(v80): -0.041 0.041  -0.2
  neighbors: f391 f413 f414 f522 f525
- p30(v94): 0.015 -0.014 -0.32
  neighbors: f403 f404 f405 f532 f537
- p167(v95): -0.041 -0.01 -0.21
  neighbors: f410 f431 f433 f514 f515 f516 f517 f518 f519 f520 f521 f522 f523 f524 f525 f526 f527 f528
- p235(v96): -0.033 0.034 -0.29
  neighbors: f412 f413 f414 f418 f419 f420 f425 f430
- p163(v89): -0.041 -0.004 -0.21
  neighbors: f412 f425 f431 f432 f528
- p164(v42): -0.041 0.036  -0.2
  neighbors: f412 f413 f525 f528
- p236(v64): -0.025  0.04  -0.3
  neighbors: f418 f419 f453 f454 f458 f459
- p23(v41): -0.015 0.0064 -0.32
  neighbors: f418 f429 f430 f459 f510
- p32(v97): -0.015 -0.014 -0.32
  neighbors: f423 f435 f436 f531 f532 f535 f537
- p177(v98): -0.033 0.026 -0.29
  neighbors: f425 f429 f430 f432 f434
- p27(v93): -0.015 -0.0036 -0.32
  neighbors: f429 f434 f435 f510 f511 f535
- p231(v99): -0.033 0.013 -0.29
  neighbors: f431 f432 f433 f434 f435 f436
- f87
    - flags: top simplicial tested
    - normal:    0.2121   0.9404   0.2657
    - offset: -0.01878167
    - center: 0.01666666691501935 0.0390000008046627 -0.08064066562171017 
    - vertices: p137(v22) p133(v20) p446(v11)
    - neighboring facets: f160 f93 f88
- f88
    - flags: bottom simplicial tested
    - normal:    0.7282   0.6595   0.1864
    - offset: -0.02765756
    - center: 0.0303333339591821 0.03980966781576475 -0.1109959979852041 
    - vertices: p137(v22) p133(v20) p309(v8)
    - neighboring facets: f259 f181 f87
- f93
    - flags: top simplicial seen
    - normal:        -0   0.9709   0.2397
    - offset: -0.01939315
    - center:      0 0.04597800100843111 -0.1053339982342247 
    - vertices: p139(v23) p137(v22) p446(v11)
    - neighboring facets: f87 f186 f461
    - ridges:
- f106
    - flags: bottom simplicial tested seen
    - normal:    0.7282  -0.6332   0.2623
    - offset: -0.01934107
    - center: 0.03033333395918211 -0.03116966659824054 -0.08572299778461456 
    - vertices: p329(v26) p106(v24) p102(v6)
    - neighboring facets: f309 f438 f107
    - ridges:
- f107
    - flags: top simplicial tested seen
    - normal:    0.7282  -0.6332   0.2623
    - offset: -0.01934101
    - center: 0.03566666754583517 -0.02488000007967154 -0.08534599840641022 
    - vertices: p329(v26) p106(v24) p330(v14)
    - neighboring facets: f308 f472 f106
    - ridges:
- f108
    - flags: top simplicial tested seen
    - normal:    0.9794  -0.1529  -0.1319
    - offset: -0.06996467
    - center: 0.03833333402872086 -0.006541999988257886 -0.238169992963473 
    - vertices: p278(v27) p291(v15) p275(v1)
    - neighboring facets: f235 f475 f206
    - ridges:
- f112
    - flags: top simplicial
    - normal:    0.7409   0.2343  -0.6294
    - offset:  -0.215501
    - center: 0.026999999769032 0.02209866621221105 -0.3023626705010732 
    - vertices: p293(v28) p298(v9) p22(v5)
    - neighboring facets: f163 f369 f291
- f136
    - flags: bottom simplicial seen
    - normal:   -0.7282  -0.6834 -0.05227
    - offset: -0.05364712
    - center: -0.0303333339591821 -0.03267633294065793 -0.176555335521698 
    - vertices: p100(v33) p219(v31) p220(v10)
    - neighboring facets: f219 f446 f488
    - ridges:
- f160
    - flags: bottom simplicial tested seen
    - normal:    0.2489   0.9289   0.2742
    - offset: -0.01855017
    - center: 0.0116666667163372 0.02511766677101453 -0.02802366650333473 
    - vertices: p451(v39) p133(v20) p446(v11)
    - neighboring facets: f87 f490 f260
    - ridges:
- f163
    - flags: bottom simplicial seen
    - normal:    0.7303   0.2488  -0.6362
    - offset: -0.2176241
    - center: 0.0243333332861463 0.02696799999102949 -0.3035736779371898 
    - vertices: p156(v40) p298(v9) p22(v5)
    - neighboring facets: f112 f458 f262
    - ridges:
- f181
    - flags: bottom simplicial tested seen
    - normal:    0.7282   0.6595   0.1864
    - offset: -0.02765814
    - center: 0.03566666754583517 0.04125333453218142 -0.1369430000583331 
    - vertices: p310(v44) p137(v22) p309(v8)
    - neighboring facets: f88 f477 f183
    - ridges:
- f183
    - flags: top simplicial tested seen
    - normal:    0.7282   0.6755   0.1161
    - offset: -0.03969892
    - center: 0.0303333339591821 0.054322000592947 -0.1643793334563573 
    - vertices: p310(v44) p137(v22) p141(v2)
    - neighboring facets: f462 f280 f181
    - ridges:
- f185
    - flags: bottom simplicial
    - normal:   -0.7282   0.6595   0.1864
    - offset: -0.02765756
    - center: -0.0303333339591821 0.03980966781576474 -0.1109959979852041 
    - vertices: p134(v45) p139(v23) p195(v7)
    - neighboring facets: f188 f223 f186
- f186
    - flags: top simplicial
    - normal:   -0.2121   0.9404   0.2657
    - offset: -0.01878167
    - center: -0.01666666691501935 0.0390000008046627 -0.08064066562171017 
    - vertices: p134(v45) p139(v23) p446(v11)
    - neighboring facets: f93 f301 f185
- f188
    - flags: top simplicial tested seen
    - normal:   -0.7282   0.6595   0.1864
    - offset: -0.02765814
    - center: -0.03566666754583517 0.04125333453218142 -0.1369430000583331 
    - vertices: p191(v46) p139(v23) p195(v7)
    - neighboring facets: f185 f518 f282
    - ridges:
- f196
    - flags: top simplicial tested seen
    - normal:    0.9644   0.0841   0.2505
    - offset: -0.01926384
    - center: 0.03400000060598055 0.01201499998569489 -0.05802366577700013 
    - vertices: p313(v48) p383(v25) p409(v3)
    - neighboring facets: f199 f258 f470
    - ridges:
- f198
    - flags: top simplicial tested seen
    - normal:    0.9618  -0.1048    0.253
    - offset: -0.01921018
    - center: 0.03400000060598056 -0.01177566684782505 -0.05819633298233384 
    - vertices: p321(v49) p330(v14) p409(v3)
    - neighboring facets: f307 f199 f479
    - ridges:
- f199
    - flags: bottom simplicial tested seen
    - normal:    0.9716       -0   0.2367
    - offset: -0.01940813
    - center: 0.03400000060598056 0.0002009999006986618 -0.05757333281750713 
    - vertices: p321(v49) p383(v25) p409(v3)
    - neighboring facets: f196 f198 f469
    - ridges:
- f206
    - flags: bottom simplicial
    - normal:    0.9933 -0.03593  -0.1098
    - offset: -0.06458961
    - center: 0.03566666692495347 0.002666999896367391 -0.2664519896109899 
    - vertices: p292(v51) p278(v27) p291(v15)
    - neighboring facets: f108 f403 f294
- f219
    - flags: top simplicial tested seen
    - normal:   -0.7282  -0.6834  -0.0523
    - offset: -0.05365171
    - center: -0.03566666754583517 -0.02661299953858058 -0.1815220018227895 
    - vertices: p226(v54) p219(v31) p220(v10)
    - neighboring facets: f136 f387 f514
    - ridges:
- f223
    - flags: bottom simplicial tested
    - normal:   -0.7326   0.6224   0.2755
    - offset: -0.01888547
    - center: -0.02777333371341228 0.02348733382920424 -0.05837899886682862 
    - vertices: p439(v55) p134(v45) p195(v7)
    - neighboring facets: f185 f304 f302
- f230
    - flags: bottom simplicial tested seen
    - normal:        -0  -0.9785   0.2061
    - offset: -0.01955003
    - center:      0 -0.03252600009242693 -0.05957333190356925 
    - vertices: p420(v56) p104(v18) p102(v6)
    - neighboring facets: f442 f361 f313
    - ridges:
- f235
    - flags: bottom simplicial
    - normal:    0.9699  -0.1979  -0.1418
    - offset: -0.07229222
    - center: 0.03566666692495345 -0.002953666572769482 -0.2617443303267161 
    - vertices: p361(v58) p291(v15) p275(v1)
    - neighboring facets: f108 f317 f320
- f250
    - flags: bottom simplicial tested seen
    - normal:    0.7282  -0.6834  -0.0523
    - offset: -0.05365171
    - center: 0.03566666754583517 -0.02661299953858058 -0.1815220018227895 
    - vertices: p336(v61) p342(v36) p333(v13)
    - neighboring facets: f471 f251 f363
    - ridges:
- f251
    - flags: top simplicial tested seen
    - normal:    0.7282  -0.6834 -0.05227
    - offset: -0.05364712
    - center: 0.03033333395918211 -0.03267633294065794 -0.176555335521698 
    - vertices: p336(v61) p332(v38) p333(v13)
    - neighboring facets: f437 f250 f445
    - ridges:
- f257
    - flags: bottom simplicial tested seen
    - normal:    0.8665   0.4122   0.2816
    - offset: -0.01910155
    - center: 0.03310666730006536 0.01748800029357274 -0.05964233173047736 
    - vertices: p454(v62) p313(v48) p309(v8)
    - neighboring facets: f478 f259 f258
    - ridges:
- f258
    - flags: top simplicial tested seen
    - normal:    0.9275   0.2486   0.2793
    - offset: -0.01852148
    - center: 0.02610666677355766 0.01001166676481565 -0.02928699936698346 
    - vertices: p454(v62) p313(v48) p409(v3)
    - neighboring facets: f196 f495 f257
    - ridges:
- f259
    - flags: top simplicial tested
    - normal:    0.7326   0.6224   0.2755
    - offset: -0.01888547
    - center: 0.02777333371341228 0.02348733382920424 -0.05837899886682862 
    - vertices: p454(v62) p133(v20) p309(v8)
    - neighboring facets: f88 f257 f260
- f260
    - flags: top simplicial tested seen
    - normal:     0.677    0.677   0.2886
    - offset: -0.01846717
    - center: 0.01743999992807706 0.021784333512187 -0.02802366650333473 
    - vertices: p454(v62) p451(v39) p133(v20)
    - neighboring facets: f160 f259 f493
    - ridges:
- f261
    - flags: bottom simplicial tested
    - normal:    0.7282   0.6009  -0.3296
    - offset: -0.1404642
    - center: 0.03033333333830041 0.03997133175532024 -0.2862723370393117 
    - vertices: p353(v63) p294(v29) p298(v9)
    - neighboring facets: f289 f262 f263
- f262
    - flags: top simplicial tested seen
    - normal:    0.7282   0.6009  -0.3296
    - offset: -0.1404739
    - center: 0.02766666685541471 0.04046366612116496 -0.2912660042444865 
    - vertices: p353(v63) p156(v40) p298(v9)
    - neighboring facets: f163 f261 f454
    - ridges:
- f263
    - flags: top simplicial tested
    - normal:    0.7282   0.6781 -0.09932
    - offset: -0.07836401
    - center: 0.03300000044206778 0.0432306652267774 -0.2518946677446365 
    - vertices: p353(v63) p294(v29) p303(v16)
    - neighboring facets: f290 f332 f261
- f279
    - flags: bottom simplicial tested seen
    - normal:    0.7282   0.6848 -0.02755
    - offset: -0.0651916
    - center: 0.03566666754583517 0.0500873327255249 -0.1785653332869212 
    - vertices: p388(v66) p303(v16) p141(v2)
    - neighboring facets: f334 f280 f482
    - ridges:
- f280
    - flags: top simplicial tested seen
    - normal:    0.7282   0.6755   0.1161
    - offset: -0.0397025
    - center: 0.03566666754583517 0.04952500015497208 -0.169924000898997 
    - vertices: p388(v66) p310(v44) p141(v2)
    - neighboring facets: f183 f279 f480
    - ridges:
- f281
    - flags: top simplicial tested seen
    - normal:   -0.7282   0.6755   0.1161
    - offset: -0.0397025
    - center: -0.03566666754583517 0.04952500015497208 -0.169924000898997 
    - vertices: p143(v67) p191(v46) p186(v12)
    - neighboring facets: f515 f283 f282
    - ridges:
- f282
    - flags: bottom simplicial tested seen
    - normal:   -0.7282   0.6755   0.1161
    - offset: -0.03969892
    - center: -0.0303333339591821 0.05432200059294701 -0.1643793334563573 
    - vertices: p143(v67) p191(v46) p139(v23)
    - neighboring facets: f188 f461 f281
    - ridges:
- f283
    - flags: bottom simplicial tested seen
    - normal:   -0.7282   0.6848 -0.02755
    - offset: -0.0651916
    - center: -0.03566666754583517 0.0500873327255249 -0.1785653332869212 
    - vertices: p143(v67) p187(v65) p186(v12)
    - neighboring facets: f521 f281 f338
    - ridges:
- f288
    - flags: bottom simplicial tested seen
    - normal:    0.9941  0.06371 -0.08804
    - offset: -0.06058874
    - center: 0.03833333402872086 0.03720733275016149 -0.2284286717573802 
    - vertices: p386(v68) p282(v50) p298(v9)
    - neighboring facets: f292 f289 f476
    - ridges:
- f289
    - flags: top simplicial tested
    - normal:    0.9804   0.1729 -0.09486
    - offset: -0.06586266
    - center: 0.03566666692495347 0.03807733207941055 -0.2562756737073262 
    - vertices: p386(v68) p294(v29) p298(v9)
    - neighboring facets: f261 f288 f290
- f290
    - flags: bottom simplicial tested seen
    - normal:    0.9599   0.2636 -0.09559
    - offset: -0.06890412
    - center: 0.03833333402872085 0.04133666555086771 -0.2218980044126511 
    - vertices: p386(v68) p294(v29) p303(v16)
    - neighboring facets: f263 f483 f289
    - ridges:
- f291
    - flags: bottom simplicial tested
    - normal:    0.9956  0.03265 -0.08772
    - offset: -0.05948059
    - center: 0.03566666692495346 0.01860666616509358 -0.2663339972496033 
    - vertices: p279(v69) p293(v28) p298(v9)
    - neighboring facets: f112 f292 f295
- f292
    - flags: top simplicial tested seen
    - normal:    0.9956  0.03297 -0.08756
    - offset: -0.05944504
    - center: 0.03833333402872085 0.02211366624881824 -0.234704335530599 
    - vertices: p279(v69) p282(v50) p298(v9)
    - neighboring facets: f288 f291 f476
    - ridges:
- f294
    - flags: top simplicial tested seen
    - normal:    0.9949 -0.004674  -0.1008
    - offset: -0.06240221
    - center: 0.03833333402872086 -0.0004280001545945804 -0.2407246579726537 
    - vertices: p279(v69) p292(v51) p278(v27)
    - neighboring facets: f206 f475 f295
    - ridges:
- f295
    - flags: bottom simplicial tested
    - normal:     0.995       -0 -0.09979
    - offset: -0.0621746
    - center: 0.03566666692495346 0.01155899992833535 -0.2674106558163961 
    - vertices: p279(v69) p292(v51) p293(v28)
    - neighboring facets: f370 f291 f294
- f301
    - flags: top simplicial tested seen
    - normal:   -0.2489   0.9289   0.2742
    - offset: -0.01855017
    - center: -0.0116666667163372 0.02511766677101453 -0.02802366650333473 
    - vertices: p440(v71) p134(v45) p446(v11)
    - neighboring facets: f186 f496 f302
    - ridges:
- f302
    - flags: top simplicial tested seen
    - normal:    -0.677    0.677   0.2886
    - offset: -0.01846717
    - center: -0.01743999992807706 0.021784333512187 -0.02802366650333473 
    - vertices: p440(v71) p439(v55) p134(v45)
    - neighboring facets: f223 f301 f494
    - ridges:
- f304
    - flags: bottom simplicial tested seen
    - normal:   -0.8665   0.4122   0.2816
    - offset: -0.01910155
    - center: -0.03310666730006536 0.01748800029357274 -0.05964233173047736 
    - vertices: p199(v72) p439(v55) p195(v7)
    - neighboring facets: f223 f523 f355
    - ridges:
- f307
    - flags: bottom simplicial tested seen
    - normal:     0.928  -0.2487   0.2775
    - offset: -0.01853183
    - center: 0.02610666677355766 -0.009973333527644476 -0.02945966657231717 
    - vertices: p413(v73) p330(v14) p409(v3)
    - neighboring facets: f198 f497 f308
    - ridges:
- f308
    - flags: bottom simplicial tested
    - normal:    0.7294  -0.6299    0.267
    - offset: -0.01890442
    - center: 0.02777333371341228 -0.02095033352573713 -0.05448233279700313 
    - vertices: p413(v73) p106(v24) p330(v14)
    - neighboring facets: f107 f307 f309
- f309
    - flags: top simplicial tested
    - normal:    0.7007  -0.6591    0.273
    - offset: -0.01870027
    - center: 0.02244000012675921 -0.02724000004430611 -0.05485933217520748 
    - vertices: p413(v73) p106(v24) p102(v6)
    - neighboring facets: f106 f362 f308
- f312
    - flags: bottom simplicial tested seen
    - normal:   -0.6793  -0.6793   0.2777
    - offset: -0.01853059
    - center: -0.01743999992807706 -0.02203633325795333 -0.02983666595052152 
    - vertices: p427(v74) p461(v32) p104(v18)
    - neighboring facets: f347 f313 f498
    - ridges:
- f313
    - flags: top simplicial tested seen
    - normal:   -0.2495  -0.9311    0.266
    - offset: -0.0185955
    - center: -0.0116666667163372 -0.02536966651678085 -0.02983666595052152 
    - vertices: p427(v74) p420(v56) p104(v18)
    - neighboring facets: f230 f312 f491
    - ridges:
- f316
    - flags: top simplicial tested seen
    - normal:    0.8248  -0.5393    -0.17
    - offset: -0.07718949
    - center: 0.03233333397656679 -0.01748266660918792 -0.2417269994815191 
    - vertices: p41(v75) p341(v59) p275(v1)
    - neighboring facets: f481 f317 f365
    - ridges:
- f317
    - flags: bottom simplicial tested
    - normal:    0.8641  -0.4684   -0.184
    - offset: -0.08069582
    - center: 0.02966666687279939 -0.01166366661588351 -0.2696056663990021 
    - vertices: p41(v75) p361(v58) p275(v1)
    - neighboring facets: f235 f316 f320
- f320
    - flags: top simplicial tested
    - normal:    0.8892   -0.372  -0.2665
    - offset: -0.1050628
    - center: 0.02699999976903202 -0.005085666663944726 -0.297026664018631 
    - vertices: p41(v75) p361(v58) p291(v15)
    - neighboring facets: f235 f405 f317
- f329
    - flags: top simplicial tested seen
    - normal:   -0.8248  -0.5393    -0.17
    - offset: -0.07718949
    - center: -0.03233333397656679 -0.01748266660918792 -0.2417269994815191 
    - vertices: p257(v77) p36(v60) p159(v0)
    - neighboring facets: f376 f524 f386
    - ridges:
- f331
    - flags: bottom simplicial tested seen
    - normal:    0.7282   0.6781 -0.09931
    - offset: -0.07836329
    - center: 0.0276666668554147 0.05348066613078117 -0.2210120012362798 
    - vertices: p358(v78) p353(v63) p148(v52)
    - neighboring facets: f449 f333 f332
    - ridges:
- f332
    - flags: top simplicial tested
    - normal:    0.7282   0.6781 -0.09931
    - offset: -0.07836329
    - center: 0.03300000044206777 0.04783066610495249 -0.2204860001802444 
    - vertices: p358(v78) p353(v63) p303(v16)
    - neighboring facets: f263 f334 f331
- f333
    - flags: bottom simplicial tested seen
    - normal:    0.7282   0.6848 -0.02759
    - offset: -0.06519884
    - center: 0.0276666668554147 0.05838733290632566 -0.1837046692768733 
    - vertices: p358(v78) p148(v52) p141(v2)
    - neighboring facets: f467 f334 f331
    - ridges:
- f334
    - flags: top simplicial tested
    - normal:    0.7282   0.6848 -0.02759
    - offset: -0.06519882
    - center: 0.03300000044206778 0.05273733288049698 -0.1831786682208379 
    - vertices: p358(v78) p303(v16) p141(v2)
    - neighboring facets: f279 f333 f332
- f335
    - flags: bottom simplicial tested seen
    - normal:   -0.7282   0.6781 -0.09931
    - offset: -0.07836329
    - center: -0.0276666668554147 0.05348066613078117 -0.2210120012362798 
    - vertices: p183(v79) p147(v47) p240(v21)
    - neighboring facets: f450 f336 f337
    - ridges:
- f336
    - flags: top simplicial tested
    - normal:   -0.7282   0.6781 -0.09931
    - offset: -0.07836329
    - center: -0.03300000044206777 0.04783066610495249 -0.2204860001802444 
    - vertices: p183(v79) p187(v65) p240(v21)
    - neighboring facets: f392 f335 f338
- f337
    - flags: bottom simplicial tested seen
    - normal:   -0.7282   0.6848 -0.02759
    - offset: -0.06519884
    - center: -0.0276666668554147 0.05838733290632566 -0.1837046692768733 
    - vertices: p183(v79) p143(v67) p147(v47)
    - neighboring facets: f465 f335 f338
    - ridges:
- f338
    - flags: top simplicial tested
    - normal:   -0.7282   0.6848 -0.02759
    - offset: -0.06519882
    - center: -0.03300000044206778 0.05273733288049698 -0.1831786682208379 
    - vertices: p183(v79) p143(v67) p187(v65)
    - neighboring facets: f283 f336 f337
- f347
    - flags: top simplicial tested
    - normal:   -0.7007  -0.6591    0.273
    - offset: -0.01870027
    - center: -0.02244000012675921 -0.02724000004430612 -0.05485933217520748 
    - vertices: p208(v82) p461(v32) p104(v18)
    - neighboring facets: f312 f350 f348
- f348
    - flags: top simplicial tested
    - normal:   -0.7294  -0.6299    0.267
    - offset: -0.01890442
    - center: -0.02777333371341228 -0.02095033352573712 -0.05448233279700313 
    - vertices: p208(v82) p266(v70) p461(v32)
    - neighboring facets: f359 f347 f349
- f349
    - flags: top simplicial tested seen
    - normal:   -0.7282  -0.6332   0.2623
    - offset: -0.01934101
    - center: -0.03566666754583517 -0.02488000007967154 -0.08534599840641022 
    - vertices: p208(v82) p218(v81) p266(v70)
    - neighboring facets: f519 f348 f350
    - ridges:
- f350
    - flags: bottom simplicial tested seen
    - normal:   -0.7282  -0.6332   0.2623
    - offset: -0.01934107
    - center: -0.03033333395918211 -0.03116966659824054 -0.08572299778461456 
    - vertices: p208(v82) p218(v81) p104(v18)
    - neighboring facets: f486 f347 f349
    - ridges:
- f354
    - flags: bottom simplicial tested seen
    - normal:   -0.9644   0.0841   0.2505
    - offset: -0.01926384
    - center: -0.03400000060598055 0.01201499998569489 -0.05802366577700013 
    - vertices: p432(v84) p199(v72) p267(v53)
    - neighboring facets: f520 f357 f355
    - ridges:
- f355
    - flags: top simplicial tested seen
    - normal:   -0.9275   0.2486   0.2793
    - offset: -0.01852148
    - center: -0.02610666677355766 0.01001166676481565 -0.02928699936698346 
    - vertices: p432(v84) p199(v72) p439(v55)
    - neighboring facets: f304 f492 f354
    - ridges:
- f357
    - flags: top simplicial tested seen
    - normal:   -0.9716        0   0.2367
    - offset: -0.01940813
    - center: -0.03400000060598056 0.0002009999006986618 -0.05757333281750713 
    - vertices: p432(v84) p207(v83) p267(v53)
    - neighboring facets: f527 f354 f358
    - ridges:
- f358
    - flags: bottom simplicial tested seen
    - normal:   -0.9618  -0.1048    0.253
    - offset: -0.01921018
    - center: -0.03400000060598056 -0.01177566684782505 -0.05819633298233384 
    - vertices: p432(v84) p207(v83) p266(v70)
    - neighboring facets: f517 f359 f357
    - ridges:
- f359
    - flags: bottom simplicial tested seen
    - normal:    -0.928  -0.2487   0.2775
    - offset: -0.01853183
    - center: -0.02610666677355766 -0.009973333527644476 -0.02945966657231717 
    - vertices: p432(v84) p266(v70) p461(v32)
    - neighboring facets: f348 f499 f358
    - ridges:
- f361
    - flags: bottom simplicial tested seen
    - normal:    0.2495  -0.9311    0.266
    - offset: -0.0185955
    - center: 0.0116666667163372 -0.02536966651678085 -0.02983666595052152 
    - vertices: p418(v85) p420(v56) p102(v6)
    - neighboring facets: f230 f362 f491
    - ridges:
- f362
    - flags: top simplicial tested seen
    - normal:    0.6793  -0.6793   0.2777
    - offset: -0.01853059
    - center: 0.01743999992807706 -0.02203633325795333 -0.02983666595052152 
    - vertices: p418(v85) p413(v73) p102(v6)
    - neighboring facets: f309 f361 f497
    - ridges:
- f363
    - flags: top simplicial tested seen
    - normal:    0.7287  -0.6699  -0.1423
    - offset: -0.0701159
    - center: 0.02700000038991372 -0.02720733297367891 -0.2264250020186106 
    - vertices: p38(v86) p336(v61) p342(v36)
    - neighboring facets: f250 f364 f503
    - ridges:
- f364
    - flags: bottom simplicial tested seen
    - normal:    0.7552  -0.6384  -0.1488
    - offset: -0.0717748
    - center: 0.03233333397656679 -0.02040966662267844 -0.230623001853625 
    - vertices: p38(v86) p341(v59) p342(v36)
    - neighboring facets: f473 f363 f365
    - ridges:
- f365
    - flags: bottom simplicial tested seen
    - normal:    0.7873  -0.5956  -0.1596
    - offset: -0.07451394
    - center: 0.02366666682064533 -0.02050766659279664 -0.273676003019015 
    - vertices: p38(v86) p41(v75) p341(v59)
    - neighboring facets: f316 f364 f508
    - ridges:
- f369
    - flags: top simplicial tested seen
    - normal:    0.7794   0.1622  -0.6051
    - offset: -0.2077818
    - center: 0.02099999971687796 0.009483666702484097 -0.3137729962666829 
    - vertices: p29(v87) p293(v28) p22(v5)
    - neighboring facets: f112 f511 f370
    - ridges:
- f370
    - flags: top simplicial tested
    - normal:    0.8648        0  -0.5021
    - offset:  -0.176162
    - center: 0.026999999769032 0.01171766663901508 -0.3043326536814372 
    - vertices: p29(v87) p292(v51) p293(v28)
    - neighboring facets: f295 f369 f404
- f376
    - flags: bottom simplicial
    - normal:   -0.8641  -0.4684   -0.184
    - offset: -0.08069582
    - vertices: p171(v88) p36(v60) p159(v0)
    - neighboring facets: f329 f377 f378
- f377
    - flags: top simplicial
    - normal:   -0.9699  -0.1979  -0.1418
    - offset: -0.07229222
    - center: -0.03566666692495345 -0.002953666572769482 -0.2617443303267161 
    - vertices: p171(v88) p244(v76) p159(v0)
    - neighboring facets: f410 f376 f378
- f378
    - flags: bottom simplicial
    - normal:   -0.8892   -0.372  -0.2665
    - offset: -0.1050628
    - center: -0.02699999976903199 -0.005085666663944716 -0.297026664018631 
    - vertices: p171(v88) p244(v76) p36(v60)
    - neighboring facets: f423 f376 f377
- f385
    - flags: top simplicial tested seen
    - normal:   -0.7552  -0.6384  -0.1488
    - offset: -0.0717748
    - center: -0.03233333397656679 -0.02040966662267844 -0.230623001853625 
    - vertices: p39(v91) p257(v77) p226(v54)
    - neighboring facets: f516 f387 f386
    - ridges:
- f386
    - flags: bottom simplicial tested seen
    - normal:   -0.7873  -0.5956  -0.1596
    - offset: -0.07451394
    - center: -0.02366666682064533 -0.02050766659279664 -0.273676003019015 
    - vertices: p39(v91) p257(v77) p36(v60)
    - neighboring facets: f329 f507 f385
    - ridges:
- f387
    - flags: top simplicial tested seen
    - normal:   -0.7287  -0.6699  -0.1423
    - offset: -0.0701159
    - center: -0.02700000038991372 -0.02720733297367891 -0.2264250020186106 
    - vertices: p39(v91) p226(v54) p220(v10)
    - neighboring facets: f219 f502 f385
    - ridges:
- f391
    - flags: bottom simplicial tested seen
    - normal:   -0.9599   0.2636 -0.09559
    - offset: -0.06890412
    - center: -0.03833333402872086 0.04133666555086771 -0.2218980044126511 
    - vertices: p178(v92) p271(v80) p187(v65)
    - neighboring facets: f522 f392 f414
    - ridges:
- f392
    - flags: bottom simplicial tested
    - normal:   -0.7282   0.6781 -0.09932
    - offset: -0.07836401
    - center: -0.03300000044206778 0.0432306652267774 -0.2518946677446365 
    - vertices: p178(v92) p187(v65) p240(v21)
    - neighboring facets: f336 f420 f391
- f403
    - flags: bottom simplicial tested
    - normal:    0.8905  -0.1415  -0.4325
    - offset: -0.1546815
    - center: 0.02699999976903198 0.001598333319028222 -0.302578330039978 
    - vertices: p30(v94) p292(v51) p291(v15)
    - neighboring facets: f206 f405 f404
- f404
    - flags: bottom simplicial tested seen
    - normal:    0.8853  -0.1204  -0.4492
    - offset: -0.1596908
    - center: 0.02099999971687794 -0.001338000021254023 -0.3137729962666829 
    - vertices: p30(v94) p29(v87) p292(v51)
    - neighboring facets: f370 f403 f537
    - ridges:
- f405
    - flags: top simplicial tested seen
    - normal:    0.8901  -0.3223  -0.3223
    - offset: -0.1216092
    - center: 0.02099999971687792 -0.00974266665677229 -0.309578667084376 
    - vertices: p30(v94) p41(v75) p291(v15)
    - neighboring facets: f320 f403 f532
    - ridges:
- f410
    - flags: bottom simplicial tested seen
    - normal:   -0.9794  -0.1529  -0.1319
    - offset: -0.06996467
    - center: -0.03833333402872086 -0.006541999988257886 -0.238169992963473 
    - vertices: p167(v95) p244(v76) p159(v0)
    - neighboring facets: f377 f524 f433
    - ridges:
- f412
    - flags: bottom simplicial tested seen
    - normal:   -0.9956  0.03297 -0.08756
    - offset: -0.05944504
    - center: -0.03833333402872086 0.02211366624881824 -0.234704335530599 
    - vertices: p235(v96) p163(v89) p164(v42)
    - neighboring facets: f528 f413 f425
    - ridges:
- f413
    - flags: top simplicial tested seen
    - normal:   -0.9941  0.06371 -0.08804
    - offset: -0.06058874
    - center: -0.03833333402872086 0.03720733275016149 -0.2284286717573802 
    - vertices: p235(v96) p271(v80) p164(v42)
    - neighboring facets: f525 f412 f414
    - ridges:
- f414
    - flags: top simplicial tested
    - normal:   -0.9804   0.1729 -0.09486
    - offset: -0.06586266
    - center: -0.03566666692495347 0.03807733207941055 -0.2562756737073262 
    - vertices: p235(v96) p178(v92) p271(v80)
    - neighboring facets: f391 f413 f420
- f418
    - flags: bottom simplicial tested seen
    - normal:   -0.7303   0.2488  -0.6362
    - offset: -0.2176241
    - center: -0.0243333332861463 0.02696799999102949 -0.3035736779371898 
    - vertices: p235(v96) p236(v64) p23(v41)
    - neighboring facets: f459 f430 f419
    - ridges:
- f419
    - flags: top simplicial tested seen
    - normal:   -0.7282   0.6009  -0.3296
    - offset: -0.1404739
    - center: -0.02766666685541469 0.04046366612116494 -0.2912660042444865 
    - vertices: p235(v96) p236(v64) p240(v21)
    - neighboring facets: f453 f420 f418
    - ridges:
- f420
    - flags: bottom simplicial tested
    - normal:   -0.7282   0.6009  -0.3296
    - offset: -0.1404642
    - center: -0.03033333333830039 0.03997133175532023 -0.2862723370393117 
    - vertices: p235(v96) p178(v92) p240(v21)
    - neighboring facets: f392 f419 f414
- f423
    - flags: top simplicial tested seen
    - normal:   -0.8901  -0.3223  -0.3223
    - offset: -0.1216092
    - center: -0.02099999971687792 -0.00974266665677229 -0.309578667084376 
    - vertices: p32(v97) p244(v76) p36(v60)
    - neighboring facets: f378 f531 f436
    - ridges:
- f425
    - flags: top simplicial tested
    - normal:   -0.9956  0.03265 -0.08772
    - offset: -0.05948059
    - center: -0.03566666692495346 0.01860666616509358 -0.2663339972496033 
    - vertices: p177(v98) p235(v96) p163(v89)
    - neighboring facets: f412 f432 f430
- f429
    - flags: top simplicial tested seen
    - normal:   -0.7794   0.1622  -0.6051
    - offset: -0.2077818
    - center: -0.02099999971687796 0.009483666702484097 -0.3137729962666829 
    - vertices: p177(v98) p27(v93) p23(v41)
    - neighboring facets: f510 f430 f434
    - ridges:
- f430
    - flags: bottom simplicial tested
    - normal:   -0.7409   0.2343  -0.6294
    - offset:  -0.215501
    - center: -0.026999999769032 0.02209866621221105 -0.3023626705010732 
    - vertices: p177(v98) p235(v96) p23(v41)
    - neighboring facets: f418 f429 f425
- f431
    - flags: bottom simplicial tested seen
    - normal:   -0.9949 -0.004674  -0.1008
    - offset: -0.06240221
    - center: -0.03833333402872086 -0.0004280001545945804 -0.2407246579726537 
    - vertices: p231(v99) p167(v95) p163(v89)
    - neighboring facets: f528 f432 f433
    - ridges:
- f432
    - flags: top simplicial tested
    - normal:    -0.995        0 -0.09979
    - offset: -0.0621746
    - center: -0.03566666692495347 0.01155899992833535 -0.2674106558163961 
    - vertices: p231(v99) p177(v98) p163(v89)
    - neighboring facets: f425 f431 f434
- f433
    - flags: top simplicial tested
    - normal:   -0.9933 -0.03593  -0.1098
    - offset: -0.06458961
    - center: -0.03566666692495347 0.002666999896367391 -0.2664519896109899 
    - vertices: p231(v99) p167(v95) p244(v76)
    - neighboring facets: f410 f436 f431
- f434
    - flags: bottom simplicial tested
    - normal:   -0.8648        0  -0.5021
    - offset:  -0.176162
    - center: -0.026999999769032 0.01171766663901508 -0.3043326536814372 
    - vertices: p231(v99) p177(v98) p27(v93)
    - neighboring facets: f429 f435 f432
- f435
    - flags: top simplicial tested seen
    - normal:   -0.8853  -0.1204  -0.4492
    - offset: -0.1596908
    - center: -0.02099999971687794 -0.001338000021254023 -0.3137729962666829 
    - vertices: p231(v99) p32(v97) p27(v93)
    - neighboring facets: f535 f434 f436
    - ridges:
- f436
    - flags: bottom simplicial tested
    - normal:   -0.8905  -0.1415  -0.4325
    - offset: -0.1546815
    - center: -0.02699999976903198 0.001598333319028222 -0.302578330039978 
    - vertices: p231(v99) p32(v97) p244(v76)
    - neighboring facets: f423 f433 f435
- f437
    - flags: top simplicial tricoplanar seen keepcentrum
    - owner of normal & centrum is facet f437
    - normal:    0.7282  -0.6854        0
    - offset: -0.04478961
    - center: 0.03300000075250864 -0.03028899990022182 -0.1308082491159439 
    - vertices: p332(v38) p329(v26) p333(v13)
    - neighboring facets: f474 f251 f438
- f438
    - flags: bottom simplicial tricoplanar
    - owner of normal & centrum is facet f437
    - normal:    0.7282  -0.6854        0
    - offset: -0.04478961
    - center: 0.03300000075250864 -0.03028899990022182 -0.1308082491159439 
    - vertices: p332(v38) p329(v26) p102(v6)
    - neighboring facets: f106 f442 f437
- f442
    - flags: top simplicial tricoplanar keepcentrum
    - owner of normal & centrum is facet f442
    - normal:         0       -1        0
    - offset:  -0.038789
    - center:      0 -0.03878900036215782 -0.1301254965364933 
    - vertices: p332(v38) p104(v18) p102(v6)
    - neighboring facets: f230 f438 f443
- f443
    - flags: top simplicial tricoplanar seen
    - owner of normal & centrum is facet f442
    - normal:         0       -1        0
    - offset:  -0.038789
    - center:      0 -0.03878900036215782 -0.1301254965364933 
    - vertices: p332(v38) p100(v33) p104(v18)
    - neighboring facets: f486 f442 f445
- f445
    - flags: bottom simplicial tricoplanar keepcentrum
    - owner of normal & centrum is facet f445
    - normal:        -0  -0.9971 -0.07627
    - offset: -0.05171285
    - center:      0 -0.03811999969184399 -0.1796875 
    - vertices: p336(v61) p332(v38) p100(v33)
    - neighboring facets: f443 f446 f251
- f446
    - flags: bottom simplicial tricoplanar
    - owner of normal & centrum is facet f445
    - normal:        -0  -0.9971 -0.07627
    - offset: -0.05171285
    - center:      0 -0.03811999969184399 -0.1796875 
    - vertices: p336(v61) p100(v33) p220(v10)
    - neighboring facets: f136 f502 f445
- f449
    - flags: top simplicial tricoplanar seen keepcentrum
    - owner of normal & centrum is facet f449
    - normal:         0   0.9894  -0.1449
    - offset: -0.08777511
    - center:      0 0.053957998752594 -0.2373054996132851 
    - vertices: p353(v63) p148(v52) p147(v47)
    - neighboring facets: f465 f450 f331
- f450
    - flags: top simplicial tricoplanar
    - owner of normal & centrum is facet f449
    - normal:         0   0.9894  -0.1449
    - offset: -0.08777511
    - center:      0 0.053957998752594 -0.2373054996132851 
    - vertices: p353(v63) p147(v47) p240(v21)
    - neighboring facets: f335 f453 f449
- f453
    - flags: top simplicial tricoplanar keepcentrum
    - owner of normal & centrum is facet f453
    - normal:        -0   0.8767   -0.481
    - offset: -0.1783992
    - center:      0 0.0435589998960495 -0.2915145009756088 
    - vertices: p236(v64) p353(v63) p240(v21)
    - neighboring facets: f450 f419 f454
- f454
    - flags: bottom simplicial tricoplanar
    - owner of normal & centrum is facet f453
    - normal:        -0   0.8767   -0.481
    - offset: -0.1783992
    - center:      0 0.0435589998960495 -0.2915145009756088 
    - vertices: p236(v64) p353(v63) p156(v40)
    - neighboring facets: f262 f458 f453
- f458
    - flags: bottom simplicial tricoplanar keepcentrum
    - owner of normal & centrum is facet f458
    - normal:        -0   0.5901  -0.8073
    - offset: -0.2640085
    - center:      0 0.02331550070084631 -0.3099760115146637 
    - vertices: p236(v64) p156(v40) p22(v5)
    - neighboring facets: f163 f459 f454
- f459
    - flags: top simplicial tricoplanar seen
    - owner of normal & centrum is facet f458
    - normal:        -0   0.5901  -0.8073
    - offset: -0.2640085
    - center:      0 0.02331550070084631 -0.3099760115146637 
    - vertices: p236(v64) p23(v41) p22(v5)
    - neighboring facets: f510 f458 f418
- f461
    - flags: bottom simplicial tricoplanar keepcentrum
    - owner of normal & centrum is facet f461
    - normal:        -0   0.9856   0.1694
    - offset: -0.03136133
    - center:      0 0.06030100025236607 -0.1657129973173141 
    - vertices: p143(v67) p139(v23) p137(v22)
    - neighboring facets: f93 f462 f282
- f462
    - flags: bottom simplicial tricoplanar
    - owner of normal & centrum is facet f461
    - normal:        -0   0.9856   0.1694
    - offset: -0.03136133
    - center:      0 0.06030100025236607 -0.1657129973173141 
    - vertices: p143(v67) p137(v22) p141(v2)
    - neighboring facets: f183 f467 f461
- f465
    - flags: bottom simplicial tricoplanar keepcentrum
    - owner of normal & centrum is facet f465
    - normal:        -0   0.9992 -0.04025
    - offset: -0.06856732
    - center:      0 0.06131799891591071 -0.1813445016741753 
    - vertices: p143(v67) p148(v52) p147(v47)
    - neighboring facets: f449 f337 f467
- f467
    - flags: top simplicial tricoplanar
    - owner of normal & centrum is facet f465
    - normal:        -0   0.9992 -0.04025
    - offset: -0.06856732
    - center:      0 0.06131799891591071 -0.1813445016741753 
    - vertices: p143(v67) p148(v52) p141(v2)
    - neighboring facets: f333 f462 f465
- f469
    - flags: top simplicial tricoplanar keepcentrum
    - owner of normal & centrum is facet f469
    - normal:         1       -0        0
    - offset:     -0.041
    - center: 0.04100000113248825 -0.002941111206180519 -0.1472453317708439 
    - vertices: p279(v69) p321(v49) p383(v25)
    - neighboring facets: f199 f470 f479
- f470
    - flags: bottom simplicial tricoplanar
    - owner of normal & centrum is facet f469
    - normal:         1       -0        0
    - offset:     -0.041
    - center: 0.04100000113248825 -0.002941111206180519 -0.1472453317708439 
    - vertices: p279(v69) p313(v48) p383(v25)
    - neighboring facets: f196 f469 f478
- f471
    - flags: top simplicial tricoplanar
    - owner of normal & centrum is facet f469
    - normal:         1       -0        0
    - offset:     -0.041
    - center: 0.04100000113248825 -0.002941111206180519 -0.1472453317708439 
    - vertices: p279(v69) p342(v36) p333(v13)
    - neighboring facets: f250 f474 f473
- f472
    - flags: top simplicial tricoplanar
    - owner of normal & centrum is facet f469
    - normal:         1       -0        0
    - offset:     -0.041
    - center: 0.04100000113248825 -0.002941111206180519 -0.1472453317708439 
    - vertices: p279(v69) p329(v26) p330(v14)
    - neighboring facets: f107 f479 f474
- f473
    - flags: top simplicial tricoplanar
    - owner of normal & centrum is facet f469
    - normal:         1       -0        0
    - offset:     -0.041
    - center: 0.04100000113248825 -0.002941111206180519 -0.1472453317708439 
    - vertices: p279(v69) p341(v59) p342(v36)
    - neighboring facets: f364 f471 f481
- f474
    - flags: bottom simplicial tricoplanar
    - owner of normal & centrum is facet f469
    - normal:         1       -0        0
    - offset:     -0.041
    - center: 0.04100000113248825 -0.002941111206180519 -0.1472453317708439 
    - vertices: p279(v69) p329(v26) p333(v13)
    - neighboring facets: f437 f471 f472
- f475
    - flags: top simplicial tricoplanar
    - owner of normal & centrum is facet f469
    - normal:         1       -0        0
    - offset:     -0.041
    - center: 0.04100000113248825 -0.002941111206180519 -0.1472453317708439 
    - vertices: p279(v69) p278(v27) p275(v1)
    - neighboring facets: f108 f481 f294
- f476
    - flags: top simplicial tricoplanar
    - owner of normal & centrum is facet f469
    - normal:         1       -0        0
    - offset:     -0.041
    - center: 0.04100000113248825 -0.002941111206180519 -0.1472453317708439 
    - vertices: p279(v69) p386(v68) p282(v50)
    - neighboring facets: f288 f292 f483
- f477
    - flags: bottom simplicial tricoplanar
    - owner of normal & centrum is facet f469
    - normal:         1       -0        0
    - offset:     -0.041
    - center: 0.04100000113248825 -0.002941111206180519 -0.1472453317708439 
    - vertices: p279(v69) p310(v44) p309(v8)
    - neighboring facets: f181 f478 f480
- f478
    - flags: top simplicial tricoplanar
    - owner of normal & centrum is facet f469
    - normal:         1       -0        0
    - offset:     -0.041
    - center: 0.04100000113248825 -0.002941111206180519 -0.1472453317708439 
    - vertices: p279(v69) p313(v48) p309(v8)
    - neighboring facets: f257 f477 f470
- f479
    - flags: bottom simplicial tricoplanar
    - owner of normal & centrum is facet f469
    - normal:         1       -0        0
    - offset:     -0.041
    - center: 0.04100000113248825 -0.002941111206180519 -0.1472453317708439 
    - vertices: p279(v69) p321(v49) p330(v14)
    - neighboring facets: f198 f472 f469
- f480
    - flags: bottom simplicial tricoplanar
    - owner of normal & centrum is facet f469
    - normal:         1       -0        0
    - offset:     -0.041
    - center: 0.04100000113248825 -0.002941111206180519 -0.1472453317708439 
    - vertices: p279(v69) p388(v66) p310(v44)
    - neighboring facets: f280 f477 f482
- f481
    - flags: bottom simplicial tricoplanar
    - owner of normal & centrum is facet f469
    - normal:         1       -0        0
    - offset:     -0.041
    - center: 0.04100000113248825 -0.002941111206180519 -0.1472453317708439 
    - vertices: p279(v69) p341(v59) p275(v1)
    - neighboring facets: f316 f475 f473
- f482
    - flags: top simplicial tricoplanar
    - owner of normal & centrum is facet f469
    - normal:         1       -0        0
    - offset:     -0.041
    - center: 0.04100000113248825 -0.002941111206180519 -0.1472453317708439 
    - vertices: p279(v69) p388(v66) p303(v16)
    - neighboring facets: f279 f483 f480
- f483
    - flags: bottom simplicial tricoplanar
    - owner of normal & centrum is facet f469
    - normal:         1       -0        0
    - offset:     -0.041
    - center: 0.04100000113248825 -0.002941111206180519 -0.1472453317708439 
    - vertices: p279(v69) p386(v68) p303(v16)
    - neighboring facets: f290 f482 f476
- f486
    - flags: bottom simplicial tricoplanar keepcentrum
    - owner of normal & centrum is facet f486
    - normal:   -0.7282  -0.6854        0
    - offset: -0.04478961
    - center: -0.03300000075250864 -0.03028899990022182 -0.1308082491159439 
    - vertices: p218(v81) p100(v33) p104(v18)
    - neighboring facets: f443 f350 f488
- f488
    - flags: top simplicial tricoplanar
    - owner of normal & centrum is facet f486
    - normal:   -0.7282  -0.6854        0
    - offset: -0.04478961
    - center: -0.03300000075250864 -0.03028899990022182 -0.1308082491159439 
    - vertices: p218(v81) p100(v33) p219(v31)
    - neighboring facets: f136 f526 f486
- f490
    - flags: bottom simplicial tricoplanar keepcentrum
    - owner of normal & centrum is facet f490
    - normal:         0        0        1
    - offset:     0.0001
    - center: 0.002222222172551685 0.003848888807826572 -9.999999747378752e-05 
    - vertices: p418(v85) p451(v39) p446(v11)
    - neighboring facets: f160 f496 f493
- f491
    - flags: bottom simplicial tricoplanar
    - owner of normal & centrum is facet f490
    - normal:         0        0        1
    - offset:     0.0001
    - center: 0.002222222172551685 0.003848888807826572 -9.999999747378752e-05 
    - vertices: p418(v85) p427(v74) p420(v56)
    - neighboring facets: f313 f361 f498
- f492
    - flags: top simplicial tricoplanar
    - owner of normal & centrum is facet f490
    - normal:         0        0        1
    - offset:     0.0001
    - center: 0.002222222172551685 0.003848888807826572 -9.999999747378752e-05 
    - vertices: p418(v85) p432(v84) p439(v55)
    - neighboring facets: f355 f494 f499
- f493
    - flags: bottom simplicial tricoplanar
    - owner of normal & centrum is facet f490
    - normal:         0        0        1
    - offset:     0.0001
    - center: 0.002222222172551685 0.003848888807826572 -9.999999747378752e-05 
    - vertices: p418(v85) p454(v62) p451(v39)
    - neighboring facets: f260 f490 f495
- f494
    - flags: bottom simplicial tricoplanar
    - owner of normal & centrum is facet f490
    - normal:         0        0        1
    - offset:     0.0001
    - center: 0.002222222172551685 0.003848888807826572 -9.999999747378752e-05 
    - vertices: p418(v85) p440(v71) p439(v55)
    - neighboring facets: f302 f492 f496
- f495
    - flags: top simplicial tricoplanar
    - owner of normal & centrum is facet f490
    - normal:         0        0        1
    - offset:     0.0001
    - center: 0.002222222172551685 0.003848888807826572 -9.999999747378752e-05 
    - vertices: p418(v85) p454(v62) p409(v3)
    - neighboring facets: f258 f497 f493
- f496
    - flags: top simplicial tricoplanar
    - owner of normal & centrum is facet f490
    - normal:         0        0        1
    - offset:     0.0001
    - center: 0.002222222172551685 0.003848888807826572 -9.999999747378752e-05 
    - vertices: p418(v85) p440(v71) p446(v11)
    - neighboring facets: f301 f490 f494
- f497
    - flags: bottom simplicial tricoplanar
    - owner of normal & centrum is facet f490
    - normal:         0        0        1
    - offset:     0.0001
    - center: 0.002222222172551685 0.003848888807826572 -9.999999747378752e-05 
    - vertices: p418(v85) p413(v73) p409(v3)
    - neighboring facets: f307 f495 f362
- f498
    - flags: top simplicial tricoplanar
    - owner of normal & centrum is facet f490
    - normal:         0        0        1
    - offset:     0.0001
    - center: 0.002222222172551685 0.003848888807826572 -9.999999747378752e-05 
    - vertices: p418(v85) p427(v74) p461(v32)
    - neighboring facets: f312 f499 f491
- f499
    - flags: bottom simplicial tricoplanar
    - owner of normal & centrum is facet f490
    - normal:         0        0        1
    - offset:     0.0001
    - center: 0.002222222172551685 0.003848888807826572 -9.999999747378752e-05 
    - vertices: p418(v85) p432(v84) p461(v32)
    - neighboring facets: f359 f498 f492
- f502
    - flags: bottom simplicial tricoplanar keepcentrum
    - owner of normal & centrum is facet f502
    - normal:        -0   -0.993  -0.1182
    - offset: -0.05946697
    - center:      0 -0.03051149938255548 -0.2467170059680939 
    - vertices: p39(v91) p336(v61) p220(v10)
    - neighboring facets: f446 f387 f503
- f503
    - flags: bottom simplicial tricoplanar
    - owner of normal & centrum is facet f502
    - normal:        -0   -0.993  -0.1182
    - offset: -0.05946697
    - center:      0 -0.03051149938255548 -0.2467170059680939 
    - vertices: p39(v91) p38(v86) p336(v61)
    - neighboring facets: f363 f502 f508
- f507
    - flags: top simplicial tricoplanar seen keepcentrum
    - owner of normal & centrum is facet f507
    - normal:         0  -0.9659  -0.2588
    - offset: -0.1016954
    - center:      0 -0.02223249990493059 -0.3100000023841858 
    - vertices: p39(v91) p41(v75) p36(v60)
    - neighboring facets: f531 f386 f508
- f508
    - flags: top simplicial tricoplanar
    - owner of normal & centrum is facet f507
    - normal:         0  -0.9659  -0.2588
    - offset: -0.1016954
    - center:      0 -0.02223249990493059 -0.3100000023841858 
    - vertices: p39(v91) p38(v86) p41(v75)
    - neighboring facets: f365 f507 f503
- f510
    - flags: bottom simplicial tricoplanar keepcentrum
    - owner of normal & centrum is facet f510
    - normal:        -0   0.2589  -0.9659
    - offset: -0.3129974
    - center:      0 0.001428000046871603 -0.3236600011587143 
    - vertices: p27(v93) p23(v41) p22(v5)
    - neighboring facets: f459 f511 f429
- f511
    - flags: top simplicial tricoplanar
    - owner of normal & centrum is facet f510
    - normal:        -0   0.2589  -0.9659
    - offset: -0.3129974
    - center:      0 0.001428000046871603 -0.3236600011587143 
    - vertices: p27(v93) p29(v87) p22(v5)
    - neighboring facets: f369 f510 f535
- f514
    - flags: bottom simplicial tricoplanar keepcentrum
    - owner of normal & centrum is facet f514
    - normal:        -1       -0        0
    - offset:     -0.041
    - center: -0.04100000113248825 0.0165178890650471 -0.1628671114643415 
    - vertices: p167(v95) p226(v54) p219(v31)
    - neighboring facets: f219 f526 f516
- f515
    - flags: bottom simplicial tricoplanar
    - owner of normal & centrum is facet f514
    - normal:        -1       -0        0
    - offset:     -0.041
    - center: -0.04100000113248825 0.0165178890650471 -0.1628671114643415 
    - vertices: p167(v95) p191(v46) p186(v12)
    - neighboring facets: f281 f521 f518
- f516
    - flags: bottom simplicial tricoplanar
    - owner of normal & centrum is facet f514
    - normal:        -1       -0        0
    - offset:     -0.041
    - center: -0.04100000113248825 0.0165178890650471 -0.1628671114643415 
    - vertices: p167(v95) p257(v77) p226(v54)
    - neighboring facets: f385 f514 f524
- f517
    - flags: top simplicial tricoplanar
    - owner of normal & centrum is facet f514
    - normal:        -1       -0        0
    - offset:     -0.041
    - center: -0.04100000113248825 0.0165178890650471 -0.1628671114643415 
    - vertices: p167(v95) p207(v83) p266(v70)
    - neighboring facets: f358 f519 f527
- f518
    - flags: top simplicial tricoplanar
    - owner of normal & centrum is facet f514
    - normal:        -1       -0        0
    - offset:     -0.041
    - center: -0.04100000113248825 0.0165178890650471 -0.1628671114643415 
    - vertices: p167(v95) p191(v46) p195(v7)
    - neighboring facets: f188 f523 f515
- f519
    - flags: bottom simplicial tricoplanar
    - owner of normal & centrum is facet f514
    - normal:        -1       -0        0
    - offset:     -0.041
    - center: -0.04100000113248825 0.0165178890650471 -0.1628671114643415 
    - vertices: p167(v95) p218(v81) p266(v70)
    - neighboring facets: f349 f517 f526
- f520
    - flags: top simplicial tricoplanar
    - owner of normal & centrum is facet f514
    - normal:        -1       -0        0
    - offset:     -0.041
    - center: -0.04100000113248825 0.0165178890650471 -0.1628671114643415 
    - vertices: p167(v95) p199(v72) p267(v53)
    - neighboring facets: f354 f527 f523
- f521
    - flags: top simplicial tricoplanar
    - owner of normal & centrum is facet f514
    - normal:        -1       -0        0
    - offset:     -0.041
    - center: -0.04100000113248825 0.0165178890650471 -0.1628671114643415 
    - vertices: p167(v95) p187(v65) p186(v12)
    - neighboring facets: f283 f515 f522
- f522
    - flags: top simplicial tricoplanar
    - owner of normal & centrum is facet f514
    - normal:        -1       -0        0
    - offset:     -0.041
    - center: -0.04100000113248825 0.0165178890650471 -0.1628671114643415 
    - vertices: p167(v95) p271(v80) p187(v65)
    - neighboring facets: f391 f521 f525
- f523
    - flags: bottom simplicial tricoplanar
    - owner of normal & centrum is facet f514
    - normal:        -1       -0        0
    - offset:     -0.041
    - center: -0.04100000113248825 0.0165178890650471 -0.1628671114643415 
    - vertices: p167(v95) p199(v72) p195(v7)
    - neighboring facets: f304 f518 f520
- f524
    - flags: top simplicial tricoplanar
    - owner of normal & centrum is facet f514
    - normal:        -1       -0        0
    - offset:     -0.041
    - center: -0.04100000113248825 0.0165178890650471 -0.1628671114643415 
    - vertices: p167(v95) p257(v77) p159(v0)
    - neighboring facets: f329 f410 f516
- f525
    - flags: bottom simplicial tricoplanar
    - owner of normal & centrum is facet f514
    - normal:        -1       -0        0
    - offset:     -0.041
    - center: -0.04100000113248825 0.0165178890650471 -0.1628671114643415 
    - vertices: p167(v95) p271(v80) p164(v42)
    - neighboring facets: f413 f528 f522
- f526
    - flags: top simplicial tricoplanar
    - owner of normal & centrum is facet f514
    - normal:        -1       -0        0
    - offset:     -0.041
    - center: -0.04100000113248825 0.0165178890650471 -0.1628671114643415 
    - vertices: p167(v95) p218(v81) p219(v31)
    - neighboring facets: f488 f514 f519
- f527
    - flags: bottom simplicial tricoplanar
    - owner of normal & centrum is facet f514
    - normal:        -1       -0        0
    - offset:     -0.041
    - center: -0.04100000113248825 0.0165178890650471 -0.1628671114643415 
    - vertices: p167(v95) p207(v83) p267(v53)
    - neighboring facets: f357 f520 f517
- f528
    - flags: top simplicial tricoplanar
    - owner of normal & centrum is facet f514
    - normal:        -1       -0        0
    - offset:     -0.041
    - center: -0.04100000113248825 0.0165178890650471 -0.1628671114643415 
    - vertices: p167(v95) p163(v89) p164(v42)
    - neighboring facets: f412 f525 f431
- f531
    - flags: bottom simplicial tricoplanar keepcentrum
    - owner of normal & centrum is facet f531
    - normal:        -0  -0.7071  -0.7072
    - offset: -0.2375262
    - center:      0 -0.01723250001668928 -0.3186600059270859 
    - vertices: p32(v97) p41(v75) p36(v60)
    - neighboring facets: f507 f423 f532
- f532
    - flags: bottom simplicial tricoplanar
    - owner of normal & centrum is facet f531
    - normal:        -0  -0.7071  -0.7072
    - offset: -0.2375262
    - center:      0 -0.01723250001668928 -0.3186600059270859 
    - vertices: p32(v97) p30(v94) p41(v75)
    - neighboring facets: f405 f531 f537
- f535
    - flags: bottom simplicial tricoplanar keepcentrum
    - owner of normal & centrum is facet f535
    - normal:        -0  -0.2589  -0.9659
    - offset: -0.3148468
    - center:      0 -0.008571999962441623 -0.3236600011587143 
    - vertices: p32(v97) p27(v93) p29(v87)
    - neighboring facets: f511 f537 f435
- f537
    - flags: top simplicial tricoplanar
    - owner of normal & centrum is facet f535
    - normal:        -0  -0.2589  -0.9659
    - offset: -0.3148468
    - center:      0 -0.008571999962441623 -0.3236600011587143 
    - vertices: p32(v97) p30(v94) p29(v87)
    - neighboring facets: f404 f535 f532
