3
802 158 237
-0.04017199948430061 0.06470300257205963 0.0802220031619072 
-0.03986899927258492 0.05575300008058548 0.0775189995765686 
-0.04017199948430061 0.05545099824666977 0.0802220031619072 
-0.04017199948430061 0.07395599782466888 0.0802220031619072 
-0.03986899927258492 0.07747100293636322 0.0775189995765686 
-0.04017199948430061 -0.0728830024600029 0.0802220031619072 
-0.0357309989631176 -0.07429999858140945 0.08522199839353561 
-0.04017199948430061 -0.05545099824666977 0.0802220031619072 
-0.0350009985268116 -0.06062199920415878 0.08604499697685242 
-0.03129100054502487 -0.0686660036444664 0.09022200107574463 
-0.03129100054502487 -0.06161599978804588 0.09022200107574463 
-0.03129100054502487 -0.07571700215339661 0.09022200107574463 
-0.0357309989631176 -0.07429999858140945 0.08522199839353561 
-0.04017199948430061 -0.0728830024600029 0.0802220031619072 
-0.03926600143313408 -0.08601000159978867 0.07213299721479416 
-0.0300500001758337 -0.09370400011539459 0.07913699746131897 
-0.03129100054502487 -0.07571700215339661 0.09022200107574463 
-0.03737299889326096 -0.09436000138521194 0.05521500110626221 
-0.02790099941194057 -0.1031859964132309 0.05992799997329712 
-0.0300500001758337 -0.09370400011539459 0.07913699746131897 
-0.03926600143313408 -0.08601000159978867 0.07213299721479416 
-0.03548000007867813 -0.1027109995484352 0.03829799965023994 
-0.02575100027024746 -0.1126689985394478 0.0407169982790947 
-0.03226999938488007 -0.1032330021262169 0.009607999585568905 
-0.02204000018537045 -0.1132719963788986 0.007550999987870455 
-0.02575100027024746 -0.1126689985394478 0.0407169982790947 
-0.03548000007867813 -0.1027109995484352 0.03829799965023994 
-0.02945500053465366 -0.09192699939012527 -0.0155469998717308 
-0.01895900070667267 -0.1008969992399216 -0.01998200081288815 
-0.02204000018537045 -0.1132719963788986 0.007550999987870455 
-0.03226999938488007 -0.1032330021262169 0.009607999585568905 
-0.02663999982178211 -0.08062099665403366 -0.04070299863815308 
-0.01587799936532974 -0.08852300047874451 -0.04751599952578545 
-0.02502899989485741 -0.0581590011715889 -0.05510300025343895 
-0.01392299961298704 -0.06129200011491776 -0.06497400254011154 
-0.01587799936532974 -0.08852300047874451 -0.04751599952578545 
-0.02663999982178211 -0.08062099665403366 -0.04070299863815308 
-0.01390799973160028 -0.06108999997377396 -0.06510300189256668 
-0.02502899989485741 -0.008147000335156918 -0.05510300025343895 
-0.01391000021249056 -0.008012999780476093 -0.06510300189256668 
-0.01390799973160028 -0.06108999997377396 -0.06510300189256668 
-0.02502899989485741 -0.0581590011715889 -0.05510300025343895 
-0.02502899989485741 0.04186499863862991 -0.05510300025343895 
-0.01390799973160028 0.04506300017237663 -0.06510300189256668 
-0.02839699946343899 0.08410300314426422 -0.02500499971210957 
-0.01580999977886677 0.0688989982008934 -0.04811900109052658 
-0.01392200030386448 0.04524200037121773 -0.06497599929571152 
-0.02502899989485741 0.04186499863862991 -0.05510300025343895 
-0.01390799973160028 0.04506300017237663 -0.06510300189256668 
-0.01769700087606907 0.09255500137805939 -0.03126100078225136 
-0.03051399998366833 0.09042699635028839 -0.006085999775677919 
-0.0200629997998476 0.09962300211191177 -0.01011800020933151 
-0.01769700087606907 0.09255500137805939 -0.03126100078225136 
-0.02839699946343899 0.08410300314426422 -0.02500499971210957 
-0.0275299996137619 0.1017220020294189 0.01192799955606461 
-0.03263099864125252 0.09675200283527374 0.01283199992030859 
-0.02242800034582615 0.1066910028457642 0.0110240001231432 
-0.03369300067424774 0.09710700064897537 0.02232399955391884 
-0.02981399931013584 0.1024850010871887 0.03234700113534927 
-0.02487399987876415 0.1075080037117004 0.03287800028920174 
-0.02365100011229515 0.1071000024676323 0.02195099927484989 
-0.03475499898195267 0.09746100008487701 0.03181499987840652 
-0.0275299996137619 0.1017220020294189 0.01192799955606461 
-0.03263099864125252 0.09675200283527374 0.01283199992030859 
-0.02242800034582615 0.1066910028457642 0.0110240001231432 
-0.03429500013589859 0.09234099835157394 0.07238700240850449 
-0.02981399931013584 0.1024850010871887 0.03234700113534927 
-0.03475499898195267 0.09746100008487701 0.03181499987840652 
-0.03897000104188919 0.08792000263929367 0.06948000192642212 
-0.02961999922990799 0.0967629998922348 0.07529400289058685 
-0.02487399987876415 0.1075080037117004 0.03287800028920174 
0.0389689989387989 0.08792000263929367 0.06948000192642212 
0.0342940017580986 0.09234099835157394 0.07238700240850449 
0.03906299918889999 0.08682200312614441 0.07032500207424164 
0.04017100110650063 0.07395599782466888 0.0802220031619072 
0.03986800089478493 0.07747100293636322 0.0775189995765686 
0.03573000058531761 0.07565700262784958 0.0852229967713356 
0.03653699904680252 0.08293399959802628 0.0775189995765686 
0.03045500069856644 0.08705999702215195 0.08275800198316574 
0.03437300026416779 0.0889509990811348 0.07530900090932846 
0.02961999922990799 0.0967629998922348 0.07529400289058685 
0.03320600092411041 0.08839800208806992 0.0775189995765686 
0.03128999844193459 0.07735700160264969 0.09022299945354462 
0.04017100110650063 -0.06416600197553635 0.0802220031619072 
0.04017100110650063 -0.05544999986886978 0.0802220031619072 
0.03758500143885612 -0.05803599953651428 0.0831340029835701 
0.04017100110650063 -0.0728830024600029 0.0802220031619072 
0.03721100091934204 -0.07382699847221375 0.08355599641799927 
0.03573000058531761 -0.06539800018072128 0.0852229967713356 
0.03499900177121162 -0.06062199920415878 0.086046002805233 
0.03128999844193459 -0.06161599978804588 0.09022299945354462 
0.03424999862909317 -0.07477200031280518 0.08688899874687195 
0.03128999844193459 -0.07571700215339661 0.09022299945354462 
0.03926600143313408 -0.08601000159978867 0.07213299721479416 
0.04017100110650063 -0.0728830024600029 0.0802220031619072 
0.03721100091934204 -0.07382699847221375 0.08355599641799927 
0.03424999862909317 -0.07477200031280518 0.08688899874687195 
0.0300500001758337 -0.09370400011539459 0.07913800328969955 
0.03128999844193459 -0.07571700215339661 0.09022299945354462 
0.03737299889326096 -0.09436000138521194 0.05521500110626221 
0.03926600143313408 -0.08601000159978867 0.07213299721479416 
0.0300500001758337 -0.09370400011539459 0.07913800328969955 
0.02789999917149544 -0.1031859964132309 0.05992799997329712 
0.03548000007867813 -0.1027109995484352 0.03829799965023994 
0.02575000002980232 -0.1126689985394478 0.0407169982790947 
0.03226900100708008 -0.1032330021262169 0.009607999585568905 
0.03548000007867813 -0.1027109995484352 0.03829799965023994 
0.02575000002980232 -0.1126689985394478 0.0407169982790947 
0.02203899994492531 -0.1132719963788986 0.007552000228315592 
0.02945400029420853 -0.09192699939012527 -0.0155469998717308 
0.03226900100708008 -0.1032330021262169 0.009607999585568905 
0.02203899994492531 -0.1132719963788986 0.007552000228315592 
0.01895800046622753 -0.1008969992399216 -0.01998200081288815 
0.02663999982178211 -0.08062099665403366 -0.04070299863815308 
0.01587699912488461 -0.08852300047874451 -0.04751599952578545 
0.02502799965441227 -0.0581590011715889 -0.05510300025343895 
0.02663999982178211 -0.08062099665403366 -0.04070299863815308 
0.01587699912488461 -0.08852300047874451 -0.04751599952578545 
0.01390899997204542 -0.06108999997377396 -0.06510300189256668 
0.02502799965441227 -0.008147000335156918 -0.05510300025343895 
0.02502799965441227 -0.0581590011715889 -0.05510300025343895 
0.01390899997204542 -0.06108999997377396 -0.06510300189256668 
0.01390899997204542 -0.008012999780476093 -0.06510300189256668 
0.02502799965441227 0.04186499863862991 -0.05510300025343895 
0.01390899997204542 0.04506300017237663 -0.06510300189256668 
0.02839599922299385 0.08410300314426422 -0.02500499971210957 
0.02502799965441227 0.04186499863862991 -0.05510300025343895 
0.01390899997204542 0.04506300017237663 -0.06510300189256668 
0.01769600063562393 0.09255500137805939 -0.03126100078225136 
0.03051299974322319 0.09042699635028839 -0.006085999775677919 
0.02839599922299385 0.08410300314426422 -0.02500499971210957 
0.01769600063562393 0.09255500137805939 -0.03126100078225136 
0.02006199955940247 0.09962300211191177 -0.01011800020933151 
0.02752899937331676 0.1017220020294189 0.01192799955606461 
0.03263000026345253 0.09675200283527374 0.01283199992030859 
0.02242800034582615 0.1066910028457642 0.0110240001231432 
0.02752899937331676 0.1017220020294189 0.01192799955606461 
0.02981399931013584 0.1024850010871887 0.03234700113534927 
0.03369199857115746 0.09710700064897537 0.02232399955391884 
0.03475400060415268 0.09746100008487701 0.03181499987840652 
0.03263000026345253 0.09675200283527374 0.01283199992030859 
0.02365100011229515 0.1071000024676323 0.02195099927484989 
0.02242800034582615 0.1066910028457642 0.0110240001231432 
0.02487299963831902 0.1075080037117004 0.03287800028920174 
0.03475400060415268 0.09746100008487701 0.03181499987840652 
0.02981399931013584 0.1024850010871887 0.03234700113534927 
0.0342940017580986 0.09234099835157394 0.07238700240850449 
0.0389689989387989 0.08792000263929367 0.06948000192642212 
0.02961999922990799 0.0967629998922348 0.07529400289058685 
0.02487299963831902 0.1075080037117004 0.03287800028920174 
0.04017100110650063 0.06470300257205963 0.0802220031619072 
0.04017100110650063 0.05544999986886978 0.0802220031619072 
0.03986800089478493 0.05575200170278549 0.0775189995765686 
0.04017100110650063 0.07395599782466888 0.0802220031619072 
0.03986800089478493 0.07747100293636322 0.0775189995765686 
3.999999989900971e-06 -0.008012999780476093 -0.06510300189256668 
0.01390899997204542 -0.008012999780476093 -0.06510300189256668 
0.01390899997204542 -0.06108999997377396 -0.06510300189256668 
0.01390899997204542 0.04506300017237663 -0.06510300189256668 
-0.01391000021249056 -0.008012999780476093 -0.06510300189256668 
-0.01390799973160028 -0.06108999997377396 -0.06510300189256668 
-0.01390799973160028 0.04506300017237663 -0.06510300189256668 
-9.999999974752427e-07 0.07000000029802322 0.09022200107574463 
0.03128999844193459 0.06161599978804588 0.09022299945354462 
0.03128999844193459 0.0677110031247139 0.09022299945354462 
-0.03129100054502487 0.07735700160264969 0.09022200107574463 
-0.03129100054502487 0.06771200150251389 0.09022299945354462 
0.03128999844193459 0.07735700160264969 0.09022299945354462 
-0.03129100054502487 0.06161599978804588 0.09022299945354462 
-0.03045500069856644 0.08705999702215195 0.08275800198316574 
-0.03129100054502487 0.07735700160264969 0.09022200107574463 
0.03045500069856644 0.08705999702215195 0.08275800198316574 
0.03128999844193459 0.07735700160264969 0.09022299945354462 
0.02961999922990799 0.0967629998922348 0.07529400289058685 
-0.02961999922990799 0.0967629998922348 0.07529400289058685 
0.03128999844193459 -0.07571700215339661 0.09022299945354462 
-0.03129100054502487 -0.07571700215339661 0.09022200107574463 
-0.0300500001758337 -0.09370400011539459 0.07913699746131897 
0.0300500001758337 -0.09370400011539459 0.07913800328969955 
0.02575000002980232 -0.1126689985394478 0.0407169982790947 
-0.02575100027024746 -0.1126689985394478 0.0407169982790947 
-0.02204000018537045 -0.1132719963788986 0.007550999987870455 
0.02203899994492531 -0.1132719963788986 0.007552000228315592 
-0.02204000018537045 -0.1132719963788986 0.007550999987870455 
0.01895800046622753 -0.1008969992399216 -0.01998200081288815 
0.02203899994492531 -0.1132719963788986 0.007552000228315592 
-0.01895900070667267 -0.1008969992399216 -0.01998200081288815 
0.01587699912488461 -0.08852300047874451 -0.04751599952578545 
-0.01587799936532974 -0.08852300047874451 -0.04751599952578545 
-0.01392299961298704 -0.06129200011491776 -0.06497400254011154 
0.01390899997204542 -0.06108999997377396 -0.06510300189256668 
0.01587699912488461 -0.08852300047874451 -0.04751599952578545 
-0.01390799973160028 -0.06108999997377396 -0.06510300189256668 
-0.01587799936532974 -0.08852300047874451 -0.04751599952578545 
-0.01769700087606907 0.09255500137805939 -0.03126100078225136 
0.01769600063562393 0.09255500137805939 -0.03126100078225136 
-0.01580999977886677 0.0688989982008934 -0.04811900109052658 
0.01390899997204542 0.04506300017237663 -0.06510300189256668 
-0.01392200030386448 0.04524200037121773 -0.06497599929571152 
-0.01390799973160028 0.04506300017237663 -0.06510300189256668 
-0.0200629997998476 0.09962300211191177 -0.01011800020933151 
0.02006199955940247 0.09962300211191177 -0.01011800020933151 
0.01769600063562393 0.09255500137805939 -0.03126100078225136 
-0.02242800034582615 0.1066910028457642 0.0110240001231432 
0.02242800034582615 0.1066910028457642 0.0110240001231432 
-0.01769700087606907 0.09255500137805939 -0.03126100078225136 
-0.02242800034582615 0.1066910028457642 0.0110240001231432 
0.02365100011229515 0.1071000024676323 0.02195099927484989 
0.02242800034582615 0.1066910028457642 0.0110240001231432 
-0.02365100011229515 0.1071000024676323 0.02195099927484989 
0.02487299963831902 0.1075080037117004 0.03287800028920174 
-0.02487399987876415 0.1075080037117004 0.03287800028920174 
-0.02961999922990799 0.0967629998922348 0.07529400289058685 
0.02961999922990799 0.0967629998922348 0.07529400289058685 
0.02487299963831902 0.1075080037117004 0.03287800028920174 
-0.02487399987876415 0.1075080037117004 0.03287800028920174 
-0.0300500001758337 -0.09370400011539459 0.07913699746131897 
0.02789999917149544 -0.1031859964132309 0.05992799997329712 
0.0300500001758337 -0.09370400011539459 0.07913800328969955 
-0.02790099941194057 -0.1031859964132309 0.05992799997329712 
0.02575000002980232 -0.1126689985394478 0.0407169982790947 
-0.02575100027024746 -0.1126689985394478 0.0407169982790947 
-0.03119499981403351 -0.02613300085067749      0 
-0.02663999982178211 -0.08062099665403366 -0.04070299863815308 
-0.02945500053465366 -0.09192699939012527 -0.0155469998717308 
-0.03226999938488007 -0.1032330021262169 0.009607999585568905 
-0.03631800040602684 -0.05930500105023384 0.04578199982643127 
-0.02502899989485741 -0.0581590011715889 -0.05510300025343895 
-0.02968399971723557 -0.02251599915325642 -0.01350000035017729 
-0.02857800014317036 -0.01263299956917763 -0.02338300086557865 
-0.02502899989485741 -0.008147000335156918 -0.05510300025343895 
-0.03737299889326096 -0.09436000138521194 0.05521500110626221 
-0.03926600143313408 -0.08601000159978867 0.07213299721479416 
-0.04017199948430061 -0.0728830024600029 0.0802220031619072 
-0.03548000007867813 -0.1027109995484352 0.03829799965023994 
-0.03381099924445152 -0.01263299956917763 0.02338300086557865 
-0.03270599991083145 -0.02251599915325642 0.01350000035017729 
-0.03631800040602684 0.01488799974322319 0.04578199982643127 
-0.03421600162982941 0.0008670000243000686 0.02700000070035458 
-0.04017199948430061 -0.05545099824666977 0.0802220031619072 
-0.02817399986088276 0.0008670000243000686 -0.02700000070035458 
-0.02857800014317036 0.01436700019985437 -0.02338300086557865 
-0.02502899989485741 0.04186499863862991 -0.05510300025343895 
-0.02968399971723557 0.02425000071525574 -0.01350000035017729 
-0.03119499981403351 0.02786700055003166      0 
-0.03539400175213814 0.07281100004911423 0.03752600029110909 
-0.02839699946343899 0.08410300314426422 -0.02500499971210957 
-0.03051399998366833 0.09042699635028839 -0.006085999775677919 
-0.03263099864125252 0.09675200283527374 0.01283199992030859 
-0.03539400175213814 0.02487899921834469 0.03752600029110909 
-0.03270599991083145 0.02425000071525574 0.01350000035017729 
-0.03381099924445152 0.01436700019985437 0.02338300086557865 
-0.03475499898195267 0.09746100008487701 0.03181499987840652 
-0.03369300067424774 0.09710700064897537 0.02232399955391884 
-0.03906400129199028 0.08682200312614441 0.07032500207424164 
-0.03897000104188919 0.08792000263929367 0.06948000192642212 
-0.03897000104188919 0.08792000263929367 0.06948000192642212 
-0.03906400129199028 0.08682200312614441 0.07032500207424164 
-0.03429500013589859 0.09234099835157394 0.07238700240850449 
-0.04017199948430061 0.07395599782466888 0.0802220031619072 
-0.0357309989631176 0.07565700262784958 0.08522199839353561 
-0.03986899927258492 0.07747100293636322 0.0775189995765686 
-0.03653800114989281 0.08293399959802628 0.0775189995765686 
-0.03045500069856644 0.08705999702215195 0.08275800198316574 
-0.03437300026416779 0.0889509990811348 0.07530900090932846 
-0.02961999922990799 0.0967629998922348 0.07529400289058685 
-0.0332069993019104 0.08839800208806992 0.0775189995765686 
-0.03129100054502487 0.07735700160264969 0.09022200107574463 
-0.0350009985268116 0.06062199920415878 0.08604499697685242 
-0.04017199948430061 0.06470300257205963 0.0802220031619072 
-0.03758599981665611 0.05803599953651428 0.0831340029835701 
-0.04017199948430061 0.05545099824666977 0.0802220031619072 
-0.0357309989631176 0.07565700262784958 0.08522199839353561 
-0.04017199948430061 0.07395599782466888 0.0802220031619072 
-0.03129100054502487 0.06771200150251389 0.09022299945354462 
-0.03129100054502487 0.07735700160264969 0.09022200107574463 
-0.03129100054502487 0.06161599978804588 0.09022299945354462 
0.04017100110650063 0.06470300257205963 0.0802220031619072 
0.04017100110650063 0.07395599782466888 0.0802220031619072 
0.03573000058531761 0.07565700262784958 0.0852229967713356 
0.03499900177121162 0.06062199920415878 0.086046002805233 
0.04017100110650063 0.05544999986886978 0.0802220031619072 
0.03128999844193459 0.0677110031247139 0.09022299945354462 
0.03128999844193459 0.07735700160264969 0.09022299945354462 
0.03128999844193459 0.06161599978804588 0.09022299945354462 
0.03119399957358837 -0.02613300085067749      0 
0.02945400029420853 -0.09192699939012527 -0.0155469998717308 
0.02663999982178211 -0.08062099665403366 -0.04070299863815308 
0.03226900100708008 -0.1032330021262169 0.009607999585568905 
0.03631699830293655 -0.05930300056934357 0.04578400030732155 
0.02502799965441227 -0.0581590011715889 -0.05510300025343895 
0.02968399971723557 -0.02251599915325642 -0.01350000035017729 
0.02502799965441227 -0.008147000335156918 -0.05510300025343895 
0.02857800014317036 -0.01263299956917763 -0.02338300086557865 
0.03737299889326096 -0.09436000138521194 0.05521500110626221 
0.03926600143313408 -0.08601000159978867 0.07213299721479416 
0.04017100110650063 -0.0728830024600029 0.0802220031619072 
0.03548000007867813 -0.1027109995484352 0.03829799965023994 
0.03270500153303146 -0.02251599915325642 0.01350000035017729 
0.03381099924445152 -0.01263299956917763 0.02338300086557865 
0.04017100110650063 -0.05544999986886978 0.0802220031619072 
0.04017100110650063 -0.06416600197553635 0.0802220031619072 
0.03631699830293655 0.01488799974322319 0.04578400030732155 
0.02817299962043762 0.0008670000243000686 -0.02700000070035458 
0.02857800014317036 0.01436700019985437 -0.02338300086557865 
0.02968399971723557 0.02425000071525574 -0.01350000035017729 
0.02502799965441227 0.04186499863862991 -0.05510300025343895 
0.03119399957358837 0.02786700055003166      0 
0.02839599922299385 0.08410300314426422 -0.02500499971210957 
0.03051299974322319 0.09042699635028839 -0.006085999775677919 
0.03539299964904785 0.07281100004911423 0.03752600029110909 
0.03270500153303146 0.02425000071525574 0.01350000035017729 
0.03263000026345253 0.09675200283527374 0.01283199992030859 
0.03421499952673912 0.0008670000243000686 0.02700000070035458 
0.03381099924445152 0.01436700019985437 0.02338300086557865 
0.03539299964904785 0.0248819999396801 0.03752600029110909 
0.03369199857115746 0.09710700064897537 0.02232399955391884 
0.03475400060415268 0.09746100008487701 0.03181499987840652 
0.03906299918889999 0.08682200312614441 0.07032500207424164 
0.0389689989387989 0.08792000263929367 0.06948000192642212 
0.03128999844193459 -0.07571700215339661 0.09022299945354462 
-9.999999974752427e-07 -0.07000000029802322 0.09022200107574463 
-0.03129100054502487 -0.07571700215339661 0.09022200107574463 
-0.03129100054502487 -0.0686660036444664 0.09022200107574463 
0.03128999844193459 -0.06161599978804588 0.09022299945354462 
-0.03129100054502487 -0.06161599978804588 0.09022200107574463 
-0.137362003326416 0.05117600038647652 0.1071429997682571 
-0.1429039984941483 -0.0127980001270771 0.07215700298547745 
-0.1370400041341782 -0.02764200046658516 0.1091779991984367 
-0.1356540024280548 -0.01348400022834539 0.1179279983043671 
-0.1408309936523438 0.0567069984972477 0.08524899929761887 
-0.1429039984941483 0.04635199904441833 0.07215700298547745 
-0.1356540024280548 0.03719700127840042 0.1179279983043671 
-0.1370400041341782 -0.02764200046658516 0.1091779991984367 
-0.1283919960260391 -0.04003899917006493 0.1132709980010986 
-0.1260890066623688 -0.01652500033378601 0.1278049945831299 
-0.1356540024280548 -0.01348400022834539 0.1179279983043671 
-0.1429039984941483 -0.0127980001270771 0.07215700298547745 
-0.1364690065383911 -0.0195930004119873 0.06227999925613403 
-0.1283919960260391 -0.04003899917006493 0.1132709980010986 
-0.1370400041341782 -0.02764200046658516 0.1091779991984367 
-0.1429039984941483 0.04635199904441833 0.07215700298547745 
-0.1364690065383911 0.05122999846935272 0.06227999925613403 
-0.1364690065383911 -0.0195930004119873 0.06227999925613403 
-0.1429039984941483 -0.0127980001270771 0.07215700298547745 
-0.1408309936523438 0.0567069984972477 0.08524899929761887 
-0.1331920027732849 0.06758999824523926 0.08296599984169006 
-0.1364690065383911 0.05122999846935272 0.06227999925613403 
-0.1429039984941483 0.04635199904441833 0.07215700298547745 
-0.137362003326416 0.05117600038647652 0.1071429997682571 
-0.1284610033035278 0.0600459985435009 0.1128330007195473 
-0.1331920027732849 0.06758999824523926 0.08296599984169006 
-0.1408309936523438 0.0567069984972477 0.08524899929761887 
-0.1356540024280548 0.03719700127840042 0.1179279983043671 
-0.1260900050401688 0.04064000025391579 0.1278049945831299 
-0.1284610033035278 0.0600459985435009 0.1128330007195473 
-0.137362003326416 0.05117600038647652 0.1071429997682571 
-0.1356540024280548 -0.01348400022834539 0.1179279983043671 
-0.1260890066623688 -0.01652500033378601 0.1278049945831299 
-0.1260900050401688 0.04064000025391579 0.1278049945831299 
-0.1356540024280548 0.03719700127840042 0.1179279983043671 
0.1370400041341782 -0.02764200046658516 0.1091779991984367 
0.1356530040502548 -0.01348400022834539 0.1179279983043671 
0.1260890066623688 -0.01652500033378601 0.1278049945831299 
0.1283909976482391 -0.04003899917006493 0.1132709980010986 
0.1429039984941483 -0.0127980001270771 0.07215700298547745 
0.1370400041341782 -0.02764200046658516 0.1091779991984367 
0.1283909976482391 -0.04003899917006493 0.1132709980010986 
0.1364679932594299 -0.0195930004119873 0.06227999925613403 
0.1429039984941483 0.04635199904441833 0.07215700298547745 
0.1429039984941483 -0.0127980001270771 0.07215700298547745 
0.1364679932594299 -0.0195930004119873 0.06227999925613403 
0.1364679932594299 0.05122999846935272 0.06227999925613403 
0.1408299952745438 0.0567069984972477 0.08524899929761887 
0.1429039984941483 0.04635199904441833 0.07215700298547745 
0.1364679932594299 0.05122999846935272 0.06227999925613403 
0.1331910043954849 0.06758999824523926 0.08296599984169006 
0.137362003326416 0.05117600038647652 0.1071429997682571 
0.1408299952745438 0.0567069984972477 0.08524899929761887 
0.1331910043954849 0.06758999824523926 0.08296599984169006 
0.1284600049257278 0.0600459985435009 0.1128330007195473 
0.1356530040502548 0.03719700127840042 0.1179279983043671 
0.137362003326416 0.05117600038647652 0.1071429997682571 
0.1284600049257278 0.0600459985435009 0.1128330007195473 
0.1260890066623688 0.04064000025391579 0.1278049945831299 
0.1356530040502548 -0.01348400022834539 0.1179279983043671 
0.1356530040502548 0.03719700127840042 0.1179279983043671 
0.1260890066623688 0.04064000025391579 0.1278049945831299 
0.1260890066623688 -0.01652500033378601 0.1278049945831299 
0.1319639980792999 0.01945300027728081 0.06068800017237663 
0.1364679932594299 0.05122999846935272 0.06227999925613403 
0.1364679932594299 -0.0195930004119873 0.06227999925613403 
0.1319639980792999 -0.01895499974489212 0.06068800017237663 
0.1045619994401932 0.05888200178742409 0.05099999904632568 
0.06644999980926514 0.07281100004911423 0.03752600029110909 
0.06644999980926514 0.05989899858832359 0.03752600029110909 
0.03539299964904785 0.07281100004911423 0.03752600029110909 
0.06644999980926514 0.07281100004911423 0.03752600029110909 
0.06644999980926514 0.05989899858832359 0.03752600029110909 
0.04565399885177612 0.04957599937915802 0.03752600029110909 
0.03539299964904785 0.0248819999396801 0.03752600029110909 
0.03906299918889999 0.08682200312614441 0.07032500207424164 
0.0631449967622757 0.0889509990811348 0.07530900090932846 
0.06644999980926514 0.07281100004911423 0.03752600029110909 
0.03539299964904785 0.07281100004911423 0.03752600029110909 
0.03437300026416779 0.0889509990811348 0.07530900090932846 
0.137362003326416 0.05117600038647652 0.1071429997682571 
0.1370400041341782 -0.02764200046658516 0.1091779991984367 
0.1429039984941483 -0.0127980001270771 0.07215700298547745 
0.1356530040502548 -0.01348400022834539 0.1179279983043671 
0.1408299952745438 0.0567069984972477 0.08524899929761887 
0.1429039984941483 0.04635199904441833 0.07215700298547745 
0.1356530040502548 0.03719700127840042 0.1179279983043671 
-0.1260890066623688 -0.01652500033378601 0.1278049945831299 
-0.1283919960260391 -0.04003899917006493 0.1132709980010986 
-0.09321899712085724 -0.04195399954915047 0.1180469989776611 
-0.09747599810361862 -0.01630399934947491 0.1328449994325638 
-0.09747599810361862 0.04427099972963333 0.1328449994325638 
-0.09238199889659882 0.06967200338840485 0.1151359975337982 
-0.1284610033035278 0.0600459985435009 0.1128330007195473 
-0.09747599810361862 -0.01630399934947491 0.1328449994325638 
-0.09747599810361862 0.04427099972963333 0.1328449994325638 
-0.1260900050401688 0.04064000025391579 0.1278049945831299 
-0.1260890066623688 -0.01652500033378601 0.1278049945831299 
0.1260890066623688 -0.01652500033378601 0.1278049945831299 
0.09747499972581863 -0.01630399934947491 0.1328459978103638 
0.09321799874305725 -0.04195399954915047 0.1180469989776611 
0.1283909976482391 -0.04003899917006493 0.1132709980010986 
0.09757699817419052 -0.02827900089323521 0.08394300192594528 
0.1150029972195625 -0.02904799953103065 0.08585900068283081 
0.1130229979753494 -0.03501600027084351 0.1007430031895638 
0.09563600271940231 -0.03510300070047379 0.1009619981050491 
0.1283909976482391 -0.04003899917006493 0.1132709980010986 
0.09321799874305725 -0.04195399954915047 0.1180469989776611 
0.1045619994401932 -0.02458900026977062 0.07474099844694138 
0.1364679932594299 -0.0195930004119873 0.06227999925613403 
0.1319639980792999 -0.01895499974489212 0.06068800017237663 
0.08676200360059738 -0.03295600041747093 0.09560699760913849 
0.06460399925708771 -0.02013600058853626 0.0636340007185936 
0.06308399885892868 -0.02580799907445908 0.07778000086545944 
0.09747499972581863 0.04427099972963333 0.1328459978103638 
0.1284600049257278 0.0600459985435009 0.1128330007195473 
0.09238000214099884 0.06967200338840485 0.1151359975337982 
0.09747499972581863 -0.01630399934947491 0.1328459978103638 
0.1260890066623688 -0.01652500033378601 0.1278049945831299 
0.1260890066623688 0.04064000025391579 0.1278049945831299 
0.09747499972581863 0.04427099972963333 0.1328459978103638 
0.06273700296878815 0.08839800208806992 0.0775189995765686 
0.06293900310993195 0.08835999667644501 0.07767099887132645 
0.0631449967622757 0.0889509990811348 0.07530900090932846 
0.03320600092411041 0.08839800208806992 0.0775189995765686 
0.03437300026416779 0.0889509990811348 0.07530900090932846 
-0.06273899972438812 0.0271029993891716 0.0775189995765686 
-0.06273899972438812 0.08839800208806992 0.0775189995765686 
-0.06293900310993195 0.08835999667644501 0.07767000049352646 
-0.07000099867582321      0 0.08298599720001221 
-0.08676400035619736 -0.03295600041747093 0.09560699760913849 
-0.08676400035619736 0.07677599787712097 0.09560699760913849 
-0.06308600306510925 -0.02580799907445908 0.07778000086545944 
-0.08676400035619736 -0.03295600041747093 0.09560699760913849 
-0.08676400035619736 0.07677599787712097 0.09560699760913849 
-0.09238199889659882 0.06967200338840485 0.1151359975337982 
-0.09321899712085724 -0.04195399954915047 0.1180469989776611 
-0.09747599810361862 -0.01630399934947491 0.1328449994325638 
-0.09747599810361862 0.04427099972963333 0.1328449994325638 
0.09747499972581863 -0.01630399934947491 0.1328459978103638 
0.09747499972581863 0.04427099972963333 0.1328459978103638 
0.09321799874305725 -0.04195399954915047 0.1180469989776611 
0.09238000214099884 0.06967200338840485 0.1151359975337982 
0.08676200360059738 -0.03295600041747093 0.09560699760913849 
0.08676200360059738 0.07677599787712097 0.09560699760913849 
0.08676200360059738 -0.03295600041747093 0.09560699760913849 
0.08676200360059738 0.07677599787712097 0.09560699760913849 
0.06999900192022324      0 0.08298599720001221 
0.06293900310993195 0.08835999667644501 0.07767099887132645 
0.06308399885892868 -0.02580799907445908 0.07778000086545944 
0.06273700296878815 0.0271029993891716 0.0775189995765686 
0.06273700296878815 0.08839800208806992 0.0775189995765686 
0.06273700296878815 0.0271029993891716 0.0775189995765686 
0.06273700296878815 0.08839800208806992 0.0775189995765686 
0.0606210008263588 0.03500000014901161 0.0775189995765686 
0.03986800089478493 0.05575200170278549 0.0775189995765686 
0.03320600092411041 0.08839800208806992 0.0775189995765686 
0.03653699904680252 0.08293399959802628 0.0775189995765686 
0.03986800089478493 0.07747100293636322 0.0775189995765686 
0.03128999844193459 0.06161599978804588 0.09022299945354462 
-9.999999974752427e-07 0.07000000029802322 0.09022200107574463 
-9.999999974752427e-07 0.07000000029802322 0.09751900285482407 
0.03499900177121162 0.06062199920415878 0.086046002805233 
0.03499900177121162 0.06062199920415878 0.09751900285482407 
0.03499900177121162 0.06062199920415878 0.09751900285482407 
0.0606210008263588 0.03500000014901161 0.09751900285482407 
0.03499900177121162 0.06062199920415878 0.086046002805233 
0.0606210008263588 0.03500000014901161 0.0775189995765686 
0.04017100110650063 0.05544999986886978 0.0802220031619072 
0.03986800089478493 0.05575200170278549 0.0775189995765686 
0.06273700296878815 0.0271029993891716 0.0775189995765686 
0.0606210008263588 0.03500000014901161 0.0775189995765686 
0.0606210008263588 0.03500000014901161 0.09751900285482407 
0.06999900192022324      0 0.08298599720001221 
0.06999900192022324      0 0.09751900285482407 
0.06999900192022324      0 0.09751900285482407 
0.06308399885892868 -0.02580799907445908 0.07778000086545944 
0.06999900192022324      0 0.08298599720001221 
0.0606210008263588 -0.03500000014901161 0.06252700090408325 
0.0606210008263588 -0.03500000014901161 0.09751900285482407 
0.06460399925708771 -0.02013600058853626 0.0636340007185936 
0.0606210008263588 -0.03500000014901161 0.06252700090408325 
0.0606210008263588 -0.03500000014901161 0.09751900285482407 
0.04017100110650063 -0.05544999986886978 0.0802220031619072 
0.03499900177121162 -0.06062199920415878 0.09751900285482407 
0.04565399885177612 -0.04996699839830399 0.05836600065231323 
0.03631699830293655 -0.05930300056934357 0.04578400030732155 
0.03758500143885612 -0.05803599953651428 0.0831340029835701 
0.03499900177121162 -0.06062199920415878 0.086046002805233 
0.03128999844193459 -0.06161599978804588 0.09022299945354462 
0.03499900177121162 -0.06062199920415878 0.086046002805233 
0.03499900177121162 -0.06062199920415878 0.09751900285482407 
-9.999999974752427e-07 -0.07000000029802322 0.09022200107574463 
-9.999999974752427e-07 -0.07000000029802322 0.09751900285482407 
-0.06062300130724907 0.03500000014901161 0.09751900285482407 
-0.07000099867582321      0 0.08298599720001221 
-0.07000099867582321      0 0.09751900285482407 
-0.06062300130724907 0.03500000014901161 0.0775189995765686 
-0.06273899972438812 0.0271029993891716 0.0775189995765686 
-9.999999974752427e-07 0.07000000029802322 0.09751900285482407 
-0.0350009985268116 0.06062199920415878 0.09751900285482407 
-0.06062300130724907 0.03500000014901161 0.09751900285482407 
0.0606210008263588 0.03500000014901161 0.09751900285482407 
-0.06062300130724907 -0.03500000014901161 0.09751900285482407 
-0.07000099867582321      0 0.09751900285482407 
-0.0350009985268116 -0.06062199920415878 0.09751900285482407 
-9.999999974752427e-07 -0.07000000029802322 0.09751900285482407 
0.03499900177121162 -0.06062199920415878 0.09751900285482407 
0.06999900192022324      0 0.09751900285482407 
0.0606210008263588 -0.03500000014901161 0.09751900285482407 
0.03499900177121162 0.06062199920415878 0.09751900285482407 
-0.1319659948348999 0.01945300027728081 0.06068800017237663 
-0.1364690065383911 -0.0195930004119873 0.06227999925613403 
-0.1364690065383911 0.05122999846935272 0.06227999925613403 
-0.1319659948348999 -0.01895499974489212 0.06068800017237663 
-0.06645099818706512 0.07281100004911423 0.03752600029110909 
-0.1045629978179932 0.0588809996843338 0.05100100114941597 
-0.06645099818706512 0.05989800021052361 0.03752600029110909 
-0.09757799655199051 -0.02827900089323521 0.08394300192594528 
-0.0956370010972023 -0.03510300070047379 0.1009619981050491 
-0.1130239963531494 -0.03501600027084351 0.1007430031895638 
-0.1150040030479431 -0.02904799953103065 0.08585900068283081 
-0.1283919960260391 -0.04003899917006493 0.1132709980010986 
-0.09321899712085724 -0.04195399954915047 0.1180469989776611 
-0.1045629978179932 -0.02458900026977062 0.07474099844694138 
-0.1364690065383911 -0.0195930004119873 0.06227999925613403 
-0.1319659948348999 -0.01895499974489212 0.06068800017237663 
-0.08676400035619736 -0.03295600041747093 0.09560699760913849 
-0.0646049976348877 -0.02013600058853626 0.0636340007185936 
-0.06308600306510925 -0.02580799907445908 0.07778000086545944 
-0.06062300130724907 -0.03500000014901161 0.06252700090408325 
-0.06062300130724907 -0.03500000014901161 0.09751900285482407 
-0.06308600306510925 -0.02580799907445908 0.07778000086545944 
-0.07000099867582321      0 0.09751900285482407 
-0.0646049976348877 -0.02013600058853626 0.0636340007185936 
-0.07000099867582321      0 0.08298599720001221 
0.04565399885177612 -0.04996699839830399 0.05836600065231323 
0.03631699830293655 -0.05930300056934357 0.04578400030732155 
0.03631699830293655 0.01488799974322319 0.04578400030732155 
0.04565399885177612 0.01874200068414211 0.05836600065231323 
0.06460399925708771 -0.02013600058853626 0.0636340007185936 
0.04565399885177612 -0.04996699839830399 0.05836600065231323 
0.04565399885177612 0.01874200068414211 0.05836600065231323 
0.0606210008263588 -0.03500000014901161 0.06252700090408325 
0.1045619994401932 0.02375599928200245 0.07474099844694138 
0.1045619994401932 -0.02458900026977062 0.07474099844694138 
0.1319639980792999 -0.01895499974489212 0.06068800017237663 
0.1045619994401932 -0.02458900026977062 0.07474099844694138 
0.1045619994401932 0.02375599928200245 0.07474099844694138 
0.1319639980792999 0.01945300027728081 0.06068800017237663 
0.04565399885177612 0.01874200068414211 0.05836600065231323 
0.03631699830293655 0.01488799974322319 0.04578400030732155 
0.03539299964904785 0.0248819999396801 0.03752600029110909 
0.04565399885177612 0.04957599937915802 0.03752600029110909 
0.04565399885177612 0.04957599937915802 0.03752600029110909 
0.1045619994401932 0.05888200178742409 0.05099999904632568 
0.1045619994401932 0.02375599928200245 0.07474099844694138 
0.04565399885177612 0.01874200068414211 0.05836600065231323 
0.06644999980926514 0.05989899858832359 0.03752600029110909 
0.1045619994401932 0.05888200178742409 0.05099999904632568 
0.1319639980792999 0.01945300027728081 0.06068800017237663 
0.1045619994401932 0.02375599928200245 0.07474099844694138 
-0.1319659948348999 -0.01895499974489212 0.06068800017237663 
-0.1045629978179932 0.02375599928200245 0.07474099844694138 
-0.1045629978179932 -0.02458900026977062 0.07474099844694138 
-0.1319659948348999 0.01945300027728081 0.06068800017237663 
-0.06645099818706512 0.05989800021052361 0.03752600029110909 
-0.04565500095486641 0.04957599937915802 0.03752600029110909 
-0.04565500095486641 0.01874200068414211 0.05836600065231323 
-0.1045629978179932 0.0588809996843338 0.05100100114941597 
-0.1045629978179932 0.02375599928200245 0.07474099844694138 
-0.1045629978179932 0.0588809996843338 0.05100100114941597 
-0.1045629978179932 0.02375599928200245 0.07474099844694138 
-0.1319659948348999 0.01945300027728081 0.06068800017237663 
-0.0646049976348877 -0.02013600058853626 0.0636340007185936 
-0.04565500095486641 0.01874200068414211 0.05836600065231323 
-0.04565500095486641 -0.04996699839830399 0.05836600065231323 
-0.06062300130724907 -0.03500000014901161 0.06252700090408325 
-0.1045629978179932 0.02375599928200245 0.07474099844694138 
-0.1045629978179932 -0.02458900026977062 0.07474099844694138 
-0.03906400129199028 0.08682200312614441 0.07032500207424164 
-0.06645099818706512 0.07281100004911423 0.03752600029110909 
-0.06314600259065628 0.0889509990811348 0.07530900090932846 
-0.03539400175213814 0.07281100004911423 0.03752600029110909 
-0.03437300026416779 0.0889509990811348 0.07530900090932846 
-0.06273899972438812 0.08839800208806992 0.0775189995765686 
-0.06314600259065628 0.0889509990811348 0.07530900090932846 
-0.06293900310993195 0.08835999667644501 0.07767000049352646 
-0.0332069993019104 0.08839800208806992 0.0775189995765686 
-0.03437300026416779 0.0889509990811348 0.07530900090932846 
-0.06273899972438812 0.08839800208806992 0.0775189995765686 
-0.03653800114989281 0.08293399959802628 0.0775189995765686 
-0.0332069993019104 0.08839800208806992 0.0775189995765686 
-0.03986899927258492 0.05575300008058548 0.0775189995765686 
-0.06062300130724907 0.03500000014901161 0.0775189995765686 
-0.03986899927258492 0.07747100293636322 0.0775189995765686 
-0.06273899972438812 0.0271029993891716 0.0775189995765686 
-0.06062300130724907 0.03500000014901161 0.0775189995765686 
-0.06062300130724907 0.03500000014901161 0.09751900285482407 
-0.04017199948430061 0.05545099824666977 0.0802220031619072 
-0.03758599981665611 0.05803599953651428 0.0831340029835701 
-0.03986899927258492 0.05575300008058548 0.0775189995765686 
-0.0350009985268116 0.06062199920415878 0.08604499697685242 
-0.0350009985268116 0.06062199920415878 0.09751900285482407 
-0.03129100054502487 0.06161599978804588 0.09022299945354462 
-0.0350009985268116 0.06062199920415878 0.08604499697685242 
-0.0350009985268116 0.06062199920415878 0.09751900285482407 
-9.999999974752427e-07 0.07000000029802322 0.09022200107574463 
-9.999999974752427e-07 0.07000000029802322 0.09751900285482407 
-0.03539400175213814 0.07281100004911423 0.03752600029110909 
-0.06645099818706512 0.05989800021052361 0.03752600029110909 
-0.06645099818706512 0.07281100004911423 0.03752600029110909 
-0.03539400175213814 0.02487899921834469 0.03752600029110909 
-0.04565500095486641 0.04957599937915802 0.03752600029110909 
-0.03129100054502487 -0.06161599978804588 0.09022200107574463 
-9.999999974752427e-07 -0.07000000029802322 0.09022200107574463 
-9.999999974752427e-07 -0.07000000029802322 0.09751900285482407 
-0.0350009985268116 -0.06062199920415878 0.08604499697685242 
-0.0350009985268116 -0.06062199920415878 0.09751900285482407 
-0.0350009985268116 -0.06062199920415878 0.09751900285482407 
-0.04017199948430061 -0.05545099824666977 0.0802220031619072 
-0.0350009985268116 -0.06062199920415878 0.08604499697685242 
-0.06062300130724907 -0.03500000014901161 0.06252700090408325 
-0.06062300130724907 -0.03500000014901161 0.09751900285482407 
-0.04565500095486641 -0.04996699839830399 0.05836600065231323 
-0.03631800040602684 -0.05930500105023384 0.04578199982643127 
-0.04565500095486641 0.01874200068414211 0.05836600065231323 
-0.03539400175213814 0.02487899921834469 0.03752600029110909 
-0.03631800040602684 0.01488799974322319 0.04578199982643127 
-0.04565500095486641 0.04957599937915802 0.03752600029110909 
-0.04565500095486641 -0.04996699839830399 0.05836600065231323 
-0.03631800040602684 0.01488799974322319 0.04578199982643127 
-0.03631800040602684 -0.05930500105023384 0.04578199982643127 
-0.04565500095486641 0.01874200068414211 0.05836600065231323 
0.03119399957358837 -0.02613300085067749      0 
0.09608100354671478 -0.02613300085067749      0 
0.09608100354671478 -0.02251599915325642 0.01350000035017729 
0.03270500153303146 -0.02251599915325642 0.01350000035017729 
0.03270500153303146 -0.02251599915325642 0.01350000035017729 
0.09608100354671478 -0.02251599915325642 0.01350000035017729 
0.09608100354671478 -0.01263299956917763 0.02338300086557865 
0.03381099924445152 -0.01263299956917763 0.02338300086557865 
0.03381099924445152 -0.01263299956917763 0.02338300086557865 
0.09608100354671478 -0.01263299956917763 0.02338300086557865 
0.09608100354671478 0.0008670000243000686 0.02700000070035458 
0.03421499952673912 0.0008670000243000686 0.02700000070035458 
0.03421499952673912 0.0008670000243000686 0.02700000070035458 
0.09608100354671478 0.0008670000243000686 0.02700000070035458 
0.09608100354671478 0.01436700019985437 0.02338300086557865 
0.03381099924445152 0.01436700019985437 0.02338300086557865 
0.03381099924445152 0.01436700019985437 0.02338300086557865 
0.09608100354671478 0.01436700019985437 0.02338300086557865 
0.09608100354671478 0.02425000071525574 0.01350000035017729 
0.03270500153303146 0.02425000071525574 0.01350000035017729 
0.03270500153303146 0.02425000071525574 0.01350000035017729 
0.09608100354671478 0.02425000071525574 0.01350000035017729 
0.09608100354671478 0.02786700055003166      0 
0.03119399957358837 0.02786700055003166      0 
0.03119399957358837 0.02786700055003166      0 
0.09608100354671478 0.02786700055003166      0 
0.09608100354671478 0.02425000071525574 -0.01350000035017729 
0.02968399971723557 0.02425000071525574 -0.01350000035017729 
0.02968399971723557 0.02425000071525574 -0.01350000035017729 
0.09608100354671478 0.02425000071525574 -0.01350000035017729 
0.09608100354671478 0.01436700019985437 -0.02338300086557865 
0.02857800014317036 0.01436700019985437 -0.02338300086557865 
0.02857800014317036 0.01436700019985437 -0.02338300086557865 
0.09608100354671478 0.01436700019985437 -0.02338300086557865 
0.09608100354671478 0.0008670000243000686 -0.02700000070035458 
0.02817299962043762 0.0008670000243000686 -0.02700000070035458 
0.02817299962043762 0.0008670000243000686 -0.02700000070035458 
0.09608100354671478 0.0008670000243000686 -0.02700000070035458 
0.09608100354671478 -0.01263299956917763 -0.02338300086557865 
0.02857800014317036 -0.01263299956917763 -0.02338300086557865 
0.02857800014317036 -0.01263299956917763 -0.02338300086557865 
0.09608100354671478 -0.01263299956917763 -0.02338300086557865 
0.09608100354671478 -0.02251599915325642 -0.01350000035017729 
0.02968399971723557 -0.02251599915325642 -0.01350000035017729 
0.02968399971723557 -0.02251599915325642 -0.01350000035017729 
0.09608100354671478 -0.02251599915325642 -0.01350000035017729 
0.09608100354671478 -0.02613300085067749      0 
0.03119399957358837 -0.02613300085067749      0 
0.09608100354671478 -0.02251599915325642 0.01350000035017729 
0.09608100354671478 -0.01263299956917763 -0.02338300086557865 
0.09608100354671478 0.01436700019985437 -0.02338300086557865 
0.09608100354671478 -0.01263299956917763 0.02338300086557865 
0.09608100354671478 -0.02613300085067749      0 
0.09608100354671478 -0.02251599915325642 -0.01350000035017729 
0.09608100354671478 0.01436700019985437 0.02338300086557865 
0.09608100354671478 0.0008670000243000686 0.02700000070035458 
0.09608100354671478 0.02425000071525574 0.01350000035017729 
0.09608100354671478 0.02425000071525574 -0.01350000035017729 
0.09608100354671478 0.02786700055003166      0 
0.09608100354671478 0.0008670000243000686 -0.02700000070035458 
-0.09608300030231476 0.02425000071525574 0.01350000035017729 
-0.09608300030231476 0.02786700055003166      0 
-0.09608300030231476 0.02425000071525574 -0.01350000035017729 
-0.09608300030231476 0.01436700019985437 0.02338300086557865 
-0.09608300030231476 0.01436700019985437 -0.02338300086557865 
-0.09608300030231476 -0.01263299956917763 0.02338300086557865 
-0.09608300030231476 -0.01263299956917763 -0.02338300086557865 
-0.09608300030231476 0.0008670000243000686 -0.02700000070035458 
-0.09608300030231476 -0.02251599915325642 0.01350000035017729 
-0.09608300030231476 -0.02251599915325642 -0.01350000035017729 
-0.09608300030231476 -0.02613300085067749      0 
-0.09608300030231476 0.0008670000243000686 0.02700000070035458 
-0.03119499981403351 -0.02613300085067749      0 
-0.09608300030231476 -0.02613300085067749      0 
-0.09608300030231476 -0.02251599915325642 -0.01350000035017729 
-0.02968399971723557 -0.02251599915325642 -0.01350000035017729 
-0.02968399971723557 -0.02251599915325642 -0.01350000035017729 
-0.09608300030231476 -0.02251599915325642 -0.01350000035017729 
-0.09608300030231476 -0.01263299956917763 -0.02338300086557865 
-0.02857800014317036 -0.01263299956917763 -0.02338300086557865 
-0.02857800014317036 -0.01263299956917763 -0.02338300086557865 
-0.09608300030231476 -0.01263299956917763 -0.02338300086557865 
-0.09608300030231476 0.0008670000243000686 -0.02700000070035458 
-0.02817399986088276 0.0008670000243000686 -0.02700000070035458 
-0.02817399986088276 0.0008670000243000686 -0.02700000070035458 
-0.09608300030231476 0.0008670000243000686 -0.02700000070035458 
-0.09608300030231476 0.01436700019985437 -0.02338300086557865 
-0.02857800014317036 0.01436700019985437 -0.02338300086557865 
-0.02857800014317036 0.01436700019985437 -0.02338300086557865 
-0.09608300030231476 0.01436700019985437 -0.02338300086557865 
-0.09608300030231476 0.02425000071525574 -0.01350000035017729 
-0.02968399971723557 0.02425000071525574 -0.01350000035017729 
-0.02968399971723557 0.02425000071525574 -0.01350000035017729 
-0.09608300030231476 0.02425000071525574 -0.01350000035017729 
-0.09608300030231476 0.02786700055003166      0 
-0.03119499981403351 0.02786700055003166      0 
-0.03119499981403351 0.02786700055003166      0 
-0.09608300030231476 0.02786700055003166      0 
-0.09608300030231476 0.02425000071525574 0.01350000035017729 
-0.03270599991083145 0.02425000071525574 0.01350000035017729 
-0.03270599991083145 0.02425000071525574 0.01350000035017729 
-0.09608300030231476 0.02425000071525574 0.01350000035017729 
-0.09608300030231476 0.01436700019985437 0.02338300086557865 
-0.03381099924445152 0.01436700019985437 0.02338300086557865 
-0.03381099924445152 0.01436700019985437 0.02338300086557865 
-0.09608300030231476 0.01436700019985437 0.02338300086557865 
-0.09608300030231476 0.0008670000243000686 0.02700000070035458 
-0.03421600162982941 0.0008670000243000686 0.02700000070035458 
-0.03421600162982941 0.0008670000243000686 0.02700000070035458 
-0.09608300030231476 0.0008670000243000686 0.02700000070035458 
-0.09608300030231476 -0.01263299956917763 0.02338300086557865 
-0.03381099924445152 -0.01263299956917763 0.02338300086557865 
-0.03381099924445152 -0.01263299956917763 0.02338300086557865 
-0.09608300030231476 -0.01263299956917763 0.02338300086557865 
-0.09608300030231476 -0.02251599915325642 0.01350000035017729 
-0.03270599991083145 -0.02251599915325642 0.01350000035017729 
-0.03270599991083145 -0.02251599915325642 0.01350000035017729 
-0.09608300030231476 -0.02251599915325642 0.01350000035017729 
-0.09608300030231476 -0.02613300085067749      0 
-0.03119499981403351 -0.02613300085067749      0 
-0.1331920027732849 0.06758999824523926 0.08296599984169006 
-0.06314600259065628 0.0889509990811348 0.07530900090932846 
-0.06645099818706512 0.07281100004911423 0.03752600029110909 
-0.1364690065383911 0.05122999846935272 0.06227999925613403 
0.1331910043954849 0.06758999824523926 0.08296599984169006 
0.1364679932594299 0.05122999846935272 0.06227999925613403 
0.06644999980926514 0.07281100004911423 0.03752600029110909 
0.0631449967622757 0.0889509990811348 0.07530900090932846 
-0.09238199889659882 0.06967200338840485 0.1151359975337982 
-0.08676400035619736 0.07677599787712097 0.09560699760913849 
-0.1284610033035278 0.0600459985435009 0.1128330007195473 
-0.1331920027732849 0.06758999824523926 0.08296599984169006 
-0.06293900310993195 0.08835999667644501 0.07767000049352646 
-0.06314600259065628 0.0889509990811348 0.07530900090932846 
-0.1260900050401688 0.04064000025391579 0.1278049945831299 
0.09238000214099884 0.06967200338840485 0.1151359975337982 
0.1284600049257278 0.0600459985435009 0.1128330007195473 
0.08676200360059738 0.07677599787712097 0.09560699760913849 
0.1331910043954849 0.06758999824523926 0.08296599984169006 
0.06293900310993195 0.08835999667644501 0.07767099887132645 
0.0631449967622757 0.0889509990811348 0.07530900090932846 
0.1260890066623688 0.04064000025391579 0.1278049945831299 
3 334 338 327 
3 421 418 440 
3 104 108 22 
3 338 738 327 
3 738 34 37 
3 334 181 338 
3 181 334 22 
3 108 181 22 
3 117 181 108 
3 69 612 59 
3 612 351 59 
3 334 18 22 
3 415 334 416 
3 425 415 416 
3 350 351 418 
3 421 350 418 
3 49 750 724 
3 737 738 338 
3 181 737 338 
3 705 117 108 
3 117 705 698 
3 121 117 698 
3 34 121 37 
3 117 121 34 
3 193 181 117 
3 193 117 34 
3 193 737 181 
3 193 34 738 
3 737 193 738 
3 341 330 327 
3 350 330 351 
3 738 727 327 
3 727 341 327 
3 341 727 724 
3 727 39 161 
3 727 161 724 
3 39 727 37 
3 727 738 37 
3 351 460 418 
3 178 104 22 
3 354 350 421 
3 354 421 416 
3 366 369 365 
3 369 375 690 
3 366 382 369 
3 697 698 365 
3 369 697 365 
3 697 369 690 
3 121 697 158 
3 158 697 690 
3 697 121 698 
3 418 442 440 
3 351 60 59 
3 56 60 351 
3 347 341 724 
3 750 347 724 
3 330 347 351 
3 347 330 341 
3 347 49 351 
3 49 347 750 
3 45 49 724 
3 51 56 351 
3 49 51 351 
3 51 49 56 
3 698 391 365 
3 705 391 698 
3 391 705 108 
3 612 454 351 
3 454 460 351 
3 460 454 418 
3 454 69 418 
3 454 612 69 
3 216 18 334 
3 415 216 334 
3 18 216 22 
3 216 178 22 
3 467 415 425 
3 360 329 330 
3 329 360 354 
3 128 158 690 
3 45 128 49 
3 128 45 158 
3 128 375 784 
3 382 410 369 
3 375 410 784 
3 410 375 369 
3 382 381 384 
3 381 382 366 
3 442 470 784 
3 383 442 784 
3 410 383 784 
3 383 410 382 
3 383 382 384 
3 383 384 440 
3 442 383 440 
3 161 46 724 
3 46 45 724 
3 158 46 161 
3 45 46 158 
3 330 340 327 
3 329 340 330 
3 340 334 327 
3 334 358 416 
3 358 354 416 
3 358 329 354 
3 340 358 334 
3 358 340 329 
3 467 519 415 
3 519 467 178 
3 519 216 415 
3 216 519 178 
3 354 356 350 
3 360 356 354 
3 356 330 350 
3 356 360 330 
3 388 367 425 
3 367 467 425 
3 367 388 366 
3 467 367 178 
3 178 367 104 
3 104 367 108 
3 367 391 108 
3 367 366 365 
3 391 367 365 
3 375 717 690 
3 717 128 690 
3 128 717 375 
3 135 128 784 
3 388 409 366 
3 409 381 366 
3 474 442 148 
3 787 474 148 
3 474 470 442 
3 470 474 784 
3 474 787 784 
3 787 149 784 
3 149 787 148 
3 141 135 784 
3 149 141 784 
3 421 425 416 
3 425 421 440 
3 121 158 161 
3 39 121 161 
3 121 39 37 
3 148 442 69 
3 69 442 418 
3 388 425 440 
3 384 388 440 
3 128 135 49 
3 49 135 56 
3 409 388 384 
3 381 409 384 
3 149 148 69 
3 149 69 59 
3 135 141 56 
3 141 60 56 
3 141 149 59 
3 60 141 59 
Vertices and facets:
- p334(v22): -0.13 -0.04  0.11
  neighbors: f80 f158 f159 f171 f175 f341 f342 f393 f395 f398
- p338(v17): -0.14 -0.02 0.062
  neighbors: f80 f140 f158 f222 f224
- p327(v0): -0.14 -0.013 0.072
  neighbors: f80 f140 f244 f249 f250 f391 f393
- p421(v23): -0.097 0.044  0.13
  neighbors: f87 f181 f268 f269 f446 f447
- p418(v11): -0.092  0.07  0.12
  neighbors: f87 f180 f181 f259 f298 f337 f338 f456
- p440(v6): 0.097 0.044  0.13
  neighbors: f87 f298 f380 f381 f447 f459 f460
- p104(v25): 0.026 -0.11 0.041
  neighbors: f96 f264 f412 f413
- p108(v10): 0.022 -0.11 0.0076
  neighbors: f96 f160 f161 f232 f327 f413 f414
- p22(v5): -0.026 -0.11 0.041
  neighbors: f96 f159 f160 f171 f264 f343 f344
- p738(v32): -0.096 -0.013 -0.023
  neighbors: f140 f148 f222 f242 f243 f249 f255
- p34(v34): -0.014 -0.061 -0.065
  neighbors: f148 f237 f238 f240 f242
- p37(v3): -0.014 -0.061 -0.065
  neighbors: f148 f237 f254 f255 f453
- p181(v36): -0.022 -0.11 0.0076
  neighbors: f158 f159 f160 f161 f224 f239 f241
- p117(v35): 0.016 -0.089 -0.048
  neighbors: f161 f232 f233 f235 f238 f239 f240
- p612(v38): -0.063 0.089 0.075
  neighbors: f169 f170 f335 f339
- p69(v20): -0.03 0.097 0.075
  neighbors: f169 f338 f339 f455 f456 f471 f472
- p59(v2): -0.025  0.11 0.033
  neighbors: f169 f170 f304 f472 f479 f481
- p351(v21): -0.13 0.068 0.083
  neighbors: f170 f180 f248 f259 f304 f305 f314 f316 f322 f323 f335 f336
- p18(v39): -0.028  -0.1  0.06
  neighbors: f171 f341 f343
- p415(v40): -0.093 -0.042  0.12
  neighbors: f175 f176 f342 f345 f400 f402
- p416(v12): -0.097 -0.016  0.13
  neighbors: f175 f176 f269 f395 f396 f446
- p425(v26): 0.097 -0.016  0.13
  neighbors: f176 f345 f408 f409 f446 f447 f459
- p350(v41): -0.13  0.06  0.11
  neighbors: f180 f181 f248 f268 f404 f406
- p49(v47): -0.018 0.093 -0.031
  neighbors: f211 f316 f317 f319 f323 f324 f359 f463 f464
- p750(v46): -0.096 0.024 -0.014
  neighbors: f211 f313 f317
- p724(v7): -0.096 0.014 -0.023
  neighbors: f211 f251 f253 f312 f313 f319 f387 f388
- p737(v49): -0.096 -0.023 -0.014
  neighbors: f222 f224 f241 f243
- p705(v51): 0.096 -0.023 -0.014
  neighbors: f232 f233 f326 f327
- p698(v33): 0.096 -0.013 -0.023
  neighbors: f233 f235 f290 f295 f325 f326
- p121(v52): 0.014 -0.061 -0.065
  neighbors: f235 f237 f238 f293 f295 f450 f452 f453
- p193(v53): -0.016 -0.089 -0.048
  neighbors: f239 f240 f241 f242 f243
- p330(v54): -0.14 0.057 0.085
  neighbors: f244 f248 f314 f315 f351 f391 f392 f406 f407
- p341(v37): -0.14 0.046 0.072
  neighbors: f244 f250 f251 f312 f315
- p727(v55): -0.096 0.00087 -0.027
  neighbors: f249 f250 f251 f252 f253 f254 f255
- p39(v50): -0.014 -0.008 -0.065
  neighbors: f252 f254 f452 f453
- p161(v30): -0.014 0.045 -0.065
  neighbors: f252 f253 f387 f389 f450 f452
- p460(v57): -0.087 0.077 0.096
  neighbors: f259 f336 f337
- p178(v58):  0.03 -0.094 0.079
  neighbors: f264 f344 f401 f403 f411 f412
- p354(v59): -0.13 0.041  0.13
  neighbors: f268 f269 f352 f396 f397 f404 f405
- p366(v60):  0.14 -0.028  0.11
  neighbors: f276 f289 f370 f410 f415 f428 f429
- p369(v43):  0.14 0.046 0.072
  neighbors: f276 f280 f289 f291 f292 f366 f368
- p365(v1):  0.14 -0.013 0.072
  neighbors: f276 f290 f291 f325 f415 f416
- p375(v61):  0.14 0.051 0.062
  neighbors: f280 f361 f367 f368 f417 f419
- p690(v8): 0.096 0.014 -0.023
  neighbors: f280 f292 f294 f357 f417 f418
- p382(v62):  0.14 0.051  0.11
  neighbors: f289 f366 f369 f370 f378 f379
- p697(v63): 0.096 0.00087 -0.027
  neighbors: f290 f291 f292 f293 f294 f295
- p158(v48): 0.014 0.045 -0.065
  neighbors: f293 f294 f357 f360 f389 f390 f450
- p442(v64): 0.092  0.07  0.12
  neighbors: f298 f375 f376 f381 f431 f433 f455 f456
- p60(v65): -0.024  0.11 0.022
  neighbors: f304 f305 f476 f481
- p56(v45): -0.022  0.11 0.011
  neighbors: f305 f322 f324 f464 f475 f476
- p347(v67): -0.14 0.051 0.062
  neighbors: f312 f313 f314 f315 f316 f317
- p45(v68): -0.016 0.069 -0.048
  neighbors: f319 f359 f360 f388 f390
- p51(v69): -0.02   0.1 -0.01
  neighbors: f322 f323 f324
- p391(v70):  0.14 -0.02 0.062
  neighbors: f325 f326 f327 f414 f416
- p454(v72): -0.063 0.088 0.078
  neighbors: f335 f336 f337 f338 f339
- p216(v73): -0.03 -0.094 0.079
  neighbors: f341 f342 f343 f344 f402 f403
- p467(v74): 0.093 -0.042  0.12
  neighbors: f345 f400 f401 f409 f411
- p360(v75): -0.14 0.037  0.12
  neighbors: f351 f352 f405 f407
- p329(v71): -0.14 -0.013  0.12
  neighbors: f351 f352 f392 f397 f399
- p128(v77): 0.018 0.093 -0.031
  neighbors: f357 f359 f360 f361 f418 f419 f420 f463
- p784(v28):  0.13 0.068 0.083
  neighbors: f361 f367 f375 f376 f377 f420 f434 f435 f436 f442 f443
- p410(v78):  0.14 0.057 0.085
  neighbors: f366 f367 f368 f377 f378
- p381(v79):  0.14 0.037  0.12
  neighbors: f369 f370 f429 f468
- p384(v27):  0.13 0.041  0.13
  neighbors: f369 f379 f380 f460 f467 f468
- p470(v80): 0.087 0.077 0.096
  neighbors: f375 f433 f434
- p383(v81):  0.13  0.06  0.11
  neighbors: f376 f377 f378 f379 f380 f381
- p46(v83): -0.014 0.045 -0.065
  neighbors: f387 f388 f389 f390
- p340(v84): -0.14 -0.028  0.11
  neighbors: f391 f392 f393 f398 f399
- p358(v85): -0.13 -0.017  0.13
  neighbors: f395 f396 f397 f398 f399
- p519(v86): -1e-06 -0.07 0.098
  neighbors: f400 f401 f402 f403
- p356(v87): -0.14 0.051  0.11
  neighbors: f404 f405 f406 f407
- p367(v88):  0.13 -0.04  0.11
  neighbors: f408 f409 f410 f411 f412 f413 f414 f415 f416
- p388(v76):  0.13 -0.017  0.13
  neighbors: f408 f410 f428 f459 f460 f467
- p717(v89): 0.096 0.024 -0.014
  neighbors: f417 f418 f419
- p135(v90): 0.022  0.11 0.011
  neighbors: f420 f442 f463 f464 f475
- p409(v91):  0.14 -0.013  0.12
  neighbors: f428 f429 f467 f468
- p474(v92): 0.063 0.088 0.078
  neighbors: f431 f432 f433 f434 f435
- p148(v44):  0.03 0.097 0.075
  neighbors: f431 f432 f438 f455 f471
- p787(v82): 0.063 0.089 0.075
  neighbors: f432 f435 f436 f438
- p149(v93): 0.025  0.11 0.033
  neighbors: f436 f438 f443 f471 f472 f479
- p141(v94): 0.024  0.11 0.022
  neighbors: f442 f443 f475 f476 f479 f481
- f80
    - flags: top simplicial
    - normal:   -0.7974  -0.5931  -0.1115
    - offset: -0.1134951
    - center: -0.1359216670195262 -0.02414333323637645 0.08256933341423671 
    - vertices: p334(v22) p338(v17) p327(v0)
    - neighboring facets: f140 f393 f158
- f87
    - flags: top simplicial seen
    - normal:  -4.201e-06   0.5719   0.8203
    - offset: -0.1342945
    - center: -0.0307943324247996 0.05273800094922385 0.1269423315922419 
    - vertices: p421(v23) p418(v11) p440(v6)
    - neighboring facets: f298 f447 f181
    - ridges:
- f96
    - flags: top simplicial
    - normal:         0  -0.9998  0.01818
    - offset: -0.1133906
    - center: 0.00734599990149339 -0.1128699978192647 0.02966199892883499 
    - vertices: p104(v25) p108(v10) p22(v5)
    - neighboring facets: f160 f264 f413
- f140
    - flags: bottom simplicial tested seen
    - normal:   -0.8786  -0.2057  -0.4309
    - offset: -0.09709622
    - center: -0.1251520017782847 -0.01500800003608068 0.03701800045867761 
    - vertices: p738(v32) p338(v17) p327(v0)
    - neighboring facets: f80 f249 f222
    - ridges:
- f148
    - flags: bottom simplicial tested
    - normal:   -0.5918  -0.4022  -0.6986
    - offset: -0.07827911
    - center: -0.04130466654896736 -0.04500499988595644 -0.05115333509941896 
    - vertices: p34(v34) p738(v32) p37(v3)
    - neighboring facets: f255 f237 f242
    - ridges:
- f158
    - flags: bottom simplicial
    - normal:   -0.6734  -0.7169  -0.1808
    - offset: -0.09467772
    - vertices: p181(v36) p334(v22) p338(v17)
    - neighboring facets: f80 f224 f159
- f159
    - flags: top simplicial
    - normal:   -0.6014  -0.7972  -0.0528
    - offset: -0.1031554
    - vertices: p181(v36) p334(v22) p22(v5)
    - neighboring facets: f171 f160 f158
- f160
    - flags: bottom simplicial
    - normal:  -4.125e-07  -0.9998  0.01818
    - offset: -0.1133906
    - vertices: p181(v36) p108(v10) p22(v5)
    - neighboring facets: f96 f159 f161
- f161
    - flags: bottom simplicial
    - normal:  9.302e-06  -0.9121  -0.4099
    - offset: -0.1002217
    - center: 0.005291999628146489 -0.1050223310788473 -0.0108043331031998 
    - vertices: p181(v36) p117(v35) p108(v10)
    - neighboring facets: f232 f160 f239
- f169
    - flags: bottom simplicial seen
    - normal:   -0.2215   0.9509   0.2161
    - offset: -0.1148455
    - center: -0.03921333389977614 0.09774066756169 0.06116033469637235 
    - vertices: p612(v38) p69(v20) p59(v2)
    - neighboring facets: f472 f170 f339
    - ridges:
- f170
    - flags: top simplicial
    - normal:   -0.2703   0.9475   0.1706
    - offset: -0.1142004
    - center: -0.07373733508090179 0.08801633367935816 0.06371766701340675 
    - vertices: p612(v38) p351(v21) p59(v2)
    - neighboring facets: f304 f169 f335
- f171
    - flags: bottom simplicial
    - normal:   -0.3347  -0.8593   0.3867
    - offset: -0.1211832
    - center: -0.06068133190274239 -0.08529799804091455 0.07130533208449681 
    - vertices: p18(v39) p334(v22) p22(v5)
    - neighboring facets: f159 f343 f341
- f175
    - flags: top simplicial tested
    - normal:   -0.1429  -0.5123   0.8469
    - offset: -0.1347796
    - center: -0.1063623304168383 -0.03276566602289676 0.1213876654704412 
    - vertices: p415(v40) p334(v22) p416(v12)
    - neighboring facets: f395 f176 f342
- f176
    - flags: bottom simplicial tested seen
    - normal:  -4.436e-06  -0.4997   0.8662
    - offset: -0.1232164
    - center: -0.03107333183288574 -0.02485399941603343 0.1279126654068629 
    - vertices: p415(v40) p425(v26) p416(v12)
    - neighboring facets: f446 f175 f345
    - ridges:
- f180
    - flags: top simplicial
    - normal:   -0.2642   0.9243   0.2753
    - offset: -0.1205066
    - center: -0.1180116683244705 0.06576933339238167 0.1036449993650119 
    - vertices: p350(v41) p351(v21) p418(v11)
    - neighboring facets: f259 f181 f248
- f181
    - flags: bottom simplicial
    - normal:   -0.2066   0.5871   0.7827
    - offset: -0.1501084
    - center: -0.1061063334345818 0.05799633388717969 0.1202713325619698 
    - vertices: p350(v41) p421(v23) p418(v11)
    - neighboring facets: f87 f180 f268
- f211
    - flags: top simplicial tested
    - normal:   -0.6133   0.5585  -0.5585
    - offset: -0.08000806
    - center: -0.06995433382689953 0.04372400076438984 -0.0227146673326691 
    - vertices: p49(v47) p750(v46) p724(v7)
    - neighboring facets: f313 f319 f317
- f222
    - flags: top simplicial
    - normal:   -0.8093  -0.4153  -0.4153
    - offset: -0.09272187
    - vertices: p737(v49) p738(v32) p338(v17)
    - neighboring facets: f140 f224 f243
- f224
    - flags: bottom simplicial
    - normal:   -0.6878  -0.6404  -0.3418
    - offset: -0.08511724
    - vertices: p737(v49) p181(v36) p338(v17)
    - neighboring facets: f158 f222 f241
- f232
    - flags: top simplicial tested
    - normal:    0.6791  -0.6382  -0.3628
    - offset: -0.08451195
    - center: 0.04466566753884157 -0.07477033200363319 -0.01782133321588238 
    - vertices: p705(v51) p117(v35) p108(v10)
    - neighboring facets: f161 f327 f233
- f233
    - flags: bottom simplicial tested
    - normal:    0.6614  -0.5304  -0.5304
    - offset: -0.08264952
    - center: 0.06934633540610471 -0.04122399973372617 -0.02813300024718045 
    - vertices: p705(v51) p117(v35) p698(v33)
    - neighboring facets: f235 f326 f232
- f235
    - flags: top simplicial tested seen
    - normal:    0.5923  -0.4043  -0.6969
    - offset: -0.07831105
    - center: 0.0419556675478816 -0.05408200000723203 -0.04533400076131025 
    - vertices: p121(v52) p117(v35) p698(v33)
    - neighboring facets: f233 f295 f238
    - ridges:
- f237
    - flags: bottom simplicial tested seen
    - normal:        -0  -0.5382  -0.8428
    - offset:  -0.087749
    - center: -0.004640666457513968 -0.06115733335415523 -0.06506000210841498 
    - vertices: p121(v52) p34(v34) p37(v3)
    - neighboring facets: f148 f453 f238
    - ridges:
- f238
    - flags: bottom simplicial tested
    - normal:  1.514e-05  -0.5397  -0.8419
    - offset: -0.08777799
    - center: 0.005287666494647662 -0.07030166685581207 -0.05919766798615456 
    - vertices: p121(v52) p117(v35) p34(v34)
    - neighboring facets: f240 f237 f235
- f239
    - flags: top simplicial
    - normal:         0  -0.9121  -0.4099
    - offset: -0.1002216
    - vertices: p193(v53) p181(v36) p117(v35)
    - neighboring facets: f161 f240 f241
- f240
    - flags: top simplicial
    - normal:         0  -0.5397  -0.8418
    - offset: -0.08777843
    - vertices: p193(v53) p117(v35) p34(v34)
    - neighboring facets: f238 f242 f239
- f241
    - flags: top simplicial
    - normal:   -0.6791  -0.6382  -0.3628
    - offset: -0.08451298
    - vertices: p193(v53) p737(v49) p181(v36)
    - neighboring facets: f224 f239 f243
- f242
    - flags: top simplicial
    - normal:   -0.5923  -0.4043   -0.697
    - offset: -0.07831137
    - vertices: p193(v53) p34(v34) p738(v32)
    - neighboring facets: f148 f243 f240
- f243
    - flags: bottom simplicial
    - normal:   -0.6614  -0.5304  -0.5304
    - offset: -0.0826505
    - vertices: p193(v53) p737(v49) p738(v32)
    - neighboring facets: f222 f242 f241
- f244
    - flags: bottom simplicial tested
    - normal:   -0.9877       -0   0.1564
    - offset: -0.1524304
    - center: -0.1422129968802134 0.03008699913819631 0.07652100175619125 
    - vertices: p330(v54) p341(v37) p327(v0)
    - neighboring facets: f250 f391 f315
    - ridges:
- f248
    - flags: bottom simplicial tested
    - normal:   -0.7607   0.5905   0.2696
    - offset: -0.1635971
    - center: -0.1341613332430522 0.06144766509532928 0.09368266661961873 
    - vertices: p330(v54) p350(v41) p351(v21)
    - neighboring facets: f180 f314 f406
- f249
    - flags: bottom simplicial tested
    - normal:   -0.8917  -0.1171  -0.4372
    - offset: -0.09738045
    - center: -0.1116899996995926 -0.008187999890651554 0.007258000473181409 
    - vertices: p727(v55) p738(v32) p327(v0)
    - neighboring facets: f140 f250 f255
- f250
    - flags: top simplicial tested
    - normal:   -0.9043        0   -0.427
    - offset: -0.09841252
    - center: -0.1272969990968704 0.01147366631388043 0.03910466842353345 
    - vertices: p727(v55) p341(v37) p327(v0)
    - neighboring facets: f244 f249 f251
- f251
    - flags: bottom simplicial tested
    - normal:   -0.8735    0.126  -0.4703
    - offset: -0.09673386
    - center: -0.1116899996995926 0.02052866642285759 0.007258000473181403 
    - vertices: p727(v55) p341(v37) p724(v7)
    - neighboring facets: f312 f253 f250
- f252
    - flags: top simplicial tested seen
    - normal:   -0.4207 1.586e-05  -0.9072
    - offset: -0.06491378
    - center: -0.04130033341546854 0.01263900013873354 -0.05240200149516264 
    - vertices: p727(v55) p39(v50) p161(v30)
    - neighboring facets: f452 f253 f254
    - ridges:
- f253
    - flags: top simplicial tested
    - normal:   -0.5063   0.2232   -0.833
    - offset: -0.07132874
    - center: -0.06869133344540994 0.02009900013217703 -0.03849533448616664 
    - vertices: p727(v55) p161(v30) p724(v7)
    - neighboring facets: f387 f251 f252
- f254
    - flags: bottom simplicial tested seen
    - normal:   -0.4207 -1.586e-05  -0.9072
    - offset: -0.06491399
    - center: -0.04130033341546854 -0.02274533324331666 -0.05240200149516264 
    - vertices: p727(v55) p39(v50) p37(v3)
    - neighboring facets: f453 f255 f252
    - ridges:
- f255
    - flags: top simplicial tested
    - normal:   -0.5408  -0.2177  -0.8125
    - offset: -0.0737141
    - center: -0.06869133344540994 -0.02428533317288384 -0.03849533448616663 
    - vertices: p727(v55) p738(v32) p37(v3)
    - neighboring facets: f148 f254 f249
- f259
    - flags: bottom simplicial
    - normal:    -0.256   0.9298   0.2646
    - offset: -0.1188901
    - center: -0.104112667342027 0.07134599983692171 0.09790299832820892 
    - vertices: p460(v57) p351(v21) p418(v11)
    - neighboring facets: f180 f337 f336
- f264
    - flags: top simplicial
    - normal:         0  -0.8967   0.4426
    - offset: -0.1190534
    - center: 0.01001633331179619 -0.1063473323980967 0.05352399994929632 
    - vertices: p178(v58) p104(v25) p22(v5)
    - neighboring facets: f96 f344 f412
- f268
    - flags: top simplicial tested
    - normal:   -0.2121   0.5806   0.7861
    - offset: -0.1508087
    - center: -0.1173423354824384 0.04831899950901667 0.1244943315784137 
    - vertices: p354(v59) p350(v41) p421(v23)
    - neighboring facets: f181 f269 f404
- f269
    - flags: top simplicial tested seen
    - normal:   -0.1735        0   0.9848
    - offset: -0.1477399
    - center: -0.107014000415802 0.02286900021135807 0.1311649978160858 
    - vertices: p354(v59) p421(v23) p416(v12)
    - neighboring facets: f446 f396 f268
    - ridges:
- f276
    - flags: top simplicial tested
    - normal:    0.9877        0   0.1564
    - offset:  -0.152433
    - center: 0.1409493337074915 0.001970666150252024 0.08449733505646388 
    - vertices: p366(v60) p369(v43) p365(v1)
    - neighboring facets: f291 f415 f289
    - ridges:
- f280
    - flags: bottom simplicial tested
    - normal:    0.8618    0.168  -0.4786
    - offset: -0.09640837
    - center: 0.125150998433431 0.03731633257120848 0.03701800045867762 
    - vertices: p375(v61) p369(v43) p690(v8)
    - neighboring facets: f292 f417 f368
    - ridges:
- f289
    - flags: bottom simplicial
    - normal:    0.9877 4.459e-06   0.1565
    - offset: -0.1524337
    - center: 0.1391020019849142 0.02329533298810323 0.09615933398405711 
    - vertices: p382(v62) p366(v60) p369(v43)
    - neighboring facets: f276 f366 f370
- f290
    - flags: top simplicial tested
    - normal:    0.8917  -0.1171  -0.4372
    - offset: -0.09737832
    - center: 0.1116886685291926 -0.008187999890651554 0.00725800047318141 
    - vertices: p697(v63) p698(v33) p365(v1)
    - neighboring facets: f325 f291 f295
- f291
    - flags: bottom simplicial tested
    - normal:    0.9043       -0   -0.427
    - offset: -0.09841044
    - center: 0.1272963335116704 0.01147366631388043 0.03910466842353345 
    - vertices: p697(v63) p369(v43) p365(v1)
    - neighboring facets: f276 f290 f292
- f292
    - flags: top simplicial tested
    - normal:    0.8735    0.126  -0.4703
    - offset: -0.09673168
    - center: 0.1116886685291926 0.02052866642285759 0.007258000473181402 
    - vertices: p697(v63) p369(v43) p690(v8)
    - neighboring facets: f280 f294 f291
- f293
    - flags: bottom simplicial tested seen
    - normal:    0.4207       -0  -0.9072
    - offset: -0.06491339
    - center: 0.04129966783026854 -0.005053333259032418 -0.05240200149516264 
    - vertices: p697(v63) p121(v52) p158(v48)
    - neighboring facets: f450 f294 f295
    - ridges:
- f294
    - flags: bottom simplicial tested
    - normal:    0.5063   0.2232   -0.833
    - offset: -0.07132883
    - center: 0.06869033568849166 0.02009900013217703 -0.03849533448616664 
    - vertices: p697(v63) p158(v48) p690(v8)
    - neighboring facets: f357 f292 f293
- f295
    - flags: top simplicial tested
    - normal:    0.5409  -0.2177  -0.8125
    - offset: -0.07371413
    - center: 0.06869033568849166 -0.02428533317288384 -0.03849533448616664 
    - vertices: p697(v63) p121(v52) p698(v33)
    - neighboring facets: f235 f290 f293
- f298
    - flags: bottom simplicial tested seen
    - normal:         0   0.5719   0.8203
    - offset: -0.1342939
    - center: 0.03249100099007288 0.06120500216881434 0.1210393309593201 
    - vertices: p442(v64) p418(v11) p440(v6)
    - neighboring facets: f87 f381 f456
    - ridges:
- f304
    - flags: bottom simplicial seen
    - normal:   -0.3757   0.9236 -0.07654
    - offset: -0.1061195
    - center: -0.0605723342547814 0.09406600147485733 0.04593166646858057 
    - vertices: p60(v65) p351(v21) p59(v2)
    - neighboring facets: f170 f481 f305
    - ridges:
- f305
    - flags: bottom simplicial seen
    - normal:   -0.3758   0.9235 -0.07663
    - offset:  -0.106116
    - center: -0.0597570010771354 0.09379366785287856 0.03864699974656105 
    - vertices: p60(v65) p56(v45) p351(v21)
    - neighboring facets: f322 f304 f476
    - ridges:
- f312
    - flags: top simplicial
    - normal:   -0.8618   0.1679  -0.4786
    - offset: -0.0964113
    - vertices: p347(v67) p341(v37) p724(v7)
    - neighboring facets: f251 f313 f315
- f313
    - flags: bottom simplicial
    - normal:   -0.6496   0.5376  -0.5376
    - offset: -0.08270974
    - vertices: p347(v67) p750(v46) p724(v7)
    - neighboring facets: f211 f312 f317
- f314
    - flags: bottom simplicial
    - normal:   -0.8129   0.5126  -0.2766
    - offset: -0.1199656
    - vertices: p347(v67) p330(v54) p351(v21)
    - neighboring facets: f248 f316 f315
- f315
    - flags: top simplicial
    - normal:    -0.813   0.5124  -0.2766
    - offset: -0.1199714
    - vertices: p347(v67) p330(v54) p341(v37)
    - neighboring facets: f244 f312 f314
- f316
    - flags: top simplicial
    - normal:   -0.5855   0.6784  -0.4438
    - offset: -0.08702371
    - vertices: p347(v67) p49(v47) p351(v21)
    - neighboring facets: f323 f314 f317
- f317
    - flags: bottom simplicial
    - normal:   -0.6207   0.5732  -0.5349
    - offset: -0.08076222
    - vertices: p347(v67) p49(v47) p750(v46)
    - neighboring facets: f211 f313 f316
- f319
    - flags: top simplicial tested
    - normal:   -0.5326   0.4626  -0.7087
    - offset: -0.07439625
    - center: -0.0431966669857502 0.05860699992626905 -0.03425433424611887 
    - vertices: p45(v68) p49(v47) p724(v7)
    - neighboring facets: f211 f388 f359
- f322
    - flags: top simplicial
    - normal:   -0.4954   0.8057  -0.3248
    - offset: -0.09349031
    - vertices: p51(v69) p56(v45) p351(v21)
    - neighboring facets: f305 f323 f324
- f323
    - flags: bottom simplicial
    - normal:   -0.4954   0.8057  -0.3248
    - offset: -0.09348994
    - vertices: p51(v69) p49(v47) p351(v21)
    - neighboring facets: f316 f322 f324
- f324
    - flags: top simplicial seen
    - normal:   -0.3329   0.8825  -0.3323
    - offset: -0.09795684
    - center: -0.0200626670072476 0.09962300211191176 -0.01011833362281322 
    - vertices: p51(v69) p49(v47) p56(v45)
    - neighboring facets: f464 f322 f323
    - ridges:
- f325
    - flags: bottom simplicial
    - normal:    0.8786  -0.2058  -0.4309
    - offset: -0.09709336
    - center: 0.125150998433431 -0.01500800003608068 0.03701800045867761 
    - vertices: p391(v70) p698(v33) p365(v1)
    - neighboring facets: f290 f416 f326
- f326
    - flags: bottom simplicial
    - normal:    0.8093  -0.4153  -0.4153
    - offset: -0.09271984
    - vertices: p391(v70) p705(v51) p698(v33)
    - neighboring facets: f233 f325 f327
- f327
    - flags: top simplicial
    - normal:    0.6878  -0.6404  -0.3418
    - offset: -0.08511578
    - center: 0.08486266558369002 -0.05179366531471412 0.01877733304475744 
    - vertices: p391(v70) p705(v51) p108(v10)
    - neighboring facets: f232 f414 f326
- f335
    - flags: bottom simplicial tested
    - normal:   -0.2563   0.9321   0.2558
    - offset: -0.1183628
    - center: -0.08642566949129103 0.08163366466760633 0.07864833374818164 
    - vertices: p454(v72) p612(v38) p351(v21)
    - neighboring facets: f170 f336 f339
- f336
    - flags: top simplicial tested
    - normal:   -0.2554   0.9307   0.2618
    - offset: -0.1186474
    - center: -0.09429833541313808 0.07757533093293507 0.08541433264811833 
    - vertices: p454(v72) p460(v57) p351(v21)
    - neighboring facets: f259 f335 f337
- f337
    - flags: bottom simplicial tested
    - normal:   -0.2522   0.9304   0.2659
    - offset: -0.1187382
    - center: -0.08069500078757604 0.07826933264732362 0.09613766521215439 
    - vertices: p454(v72) p460(v57) p418(v11)
    - neighboring facets: f259 f338 f336
- f338
    - flags: top simplicial tested seen
    - normal:   -0.2136   0.9309   0.2964
    - offset: -0.1187196
    - center: -0.06164700041214625 0.08493166665236156 0.08936666697263718 
    - vertices: p454(v72) p69(v20) p418(v11)
    - neighboring facets: f456 f337 f339
    - ridges:
- f339
    - flags: top simplicial tested
    - normal:   -0.2193   0.9417    0.255
    - offset: -0.1168202
    - center: -0.05190166831016541 0.09135799854993822 0.07609100143114726 
    - vertices: p454(v72) p612(v38) p69(v20)
    - neighboring facets: f169 f338 f335
- f341
    - flags: top simplicial
    - normal:   -0.3347  -0.8593   0.3867
    - offset: -0.1211834
    - vertices: p216(v73) p18(v39) p334(v22)
    - neighboring facets: f171 f342 f343
- f342
    - flags: bottom simplicial
    - normal:   -0.1338  -0.6947   0.7067
    - offset: -0.1250465
    - vertices: p216(v73) p415(v40) p334(v22)
    - neighboring facets: f175 f341 f402
- f343
    - flags: bottom simplicial
    - normal:  -0.01913  -0.8974   0.4408
    - offset: -0.1195497
    - vertices: p216(v73) p18(v39) p22(v5)
    - neighboring facets: f171 f344 f341
- f344
    - flags: top simplicial
    - normal:  -7.408e-06  -0.8967   0.4426
    - offset: -0.1190535
    - vertices: p216(v73) p178(v58) p22(v5)
    - neighboring facets: f264 f343 f403
- f345
    - flags: top simplicial
    - normal:         0  -0.4997   0.8662
    - offset: -0.1232154
    - center: 0.03249133378267288 -0.03340399948259195 0.122979998588562 
    - vertices: p467(v74) p415(v40) p425(v26)
    - neighboring facets: f176 f409 f400
- f351
    - flags: top simplicial
    - normal:   -0.9877        0   0.1565
    - offset: -0.1524351
    - vertices: p360(v75) p329(v71) p330(v54)
    - neighboring facets: f392 f407 f352
- f352
    - flags: bottom simplicial
    - normal:   -0.7184       -0   0.6956
    - offset: -0.1794881
    - vertices: p360(v75) p329(v71) p354(v59)
    - neighboring facets: f397 f405 f351
- f357
    - flags: top simplicial
    - normal:    0.5326   0.4626  -0.7087
    - offset: -0.07439492
    - vertices: p128(v77) p158(v48) p690(v8)
    - neighboring facets: f294 f418 f360
- f359
    - flags: bottom simplicial seen
    - normal:        -0   0.5803  -0.8144
    - offset: -0.07917191
    - center: -0.005270333339770635 0.08466966698567073 -0.03688033421834309 
    - vertices: p128(v77) p45(v68) p49(v47)
    - neighboring facets: f319 f463 f360
    - ridges:
- f360
    - flags: top simplicial
    - normal:  2.911e-05   0.5803  -0.8144
    - offset: -0.07917051
    - center: 0.005265000276267529 0.0688389999171098 -0.04816100125511488 
    - vertices: p128(v77) p45(v68) p158(v48)
    - neighboring facets: f390 f357 f359
- f361
    - flags: top simplicial
    - normal:    0.5855   0.6784  -0.4438
    - offset: -0.08702311
    - center: 0.0957849994301796 0.07045833269755047 0.03799499943852424 
    - vertices: p128(v77) p375(v61) p784(v28)
    - neighboring facets: f367 f420 f419
- f366
    - flags: bottom simplicial
    - normal:    0.9877 1.747e-05   0.1565
    - offset: -0.1524342
    - center: 0.140365332365036 0.05141166597604752 0.08818300068378448 
    - vertices: p410(v78) p382(v62) p369(v43)
    - neighboring facets: f289 f368 f378
- f367
    - flags: bottom simplicial
    - normal:    0.8129   0.5126  -0.2766
    - offset: -0.1199648
    - center: 0.1368296643098195 0.05850899840394656 0.07683166613181432 
    - vertices: p410(v78) p375(v61) p784(v28)
    - neighboring facets: f361 f377 f368
- f368
    - flags: top simplicial
    - normal:    0.8129   0.5125  -0.2766
    - offset: -0.1199668
    - vertices: p410(v78) p375(v61) p369(v43)
    - neighboring facets: f280 f366 f367
- f369
    - flags: bottom simplicial tested seen
    - normal:    0.7299   0.3594   0.5815
    - offset: -0.1809511
    - center: 0.1330346713463465 0.04300433397293091 0.1176253308852514 
    - vertices: p381(v79) p382(v62) p384(v27)
    - neighboring facets: f379 f468 f370
    - ridges:
- f370
    - flags: top simplicial tested
    - normal:    0.9877 6.073e-06   0.1565
    - offset:  -0.152439
    - center: 0.1366850038369496 0.02024366706609726 0.111416332423687 
    - vertices: p381(v79) p382(v62) p366(v60)
    - neighboring facets: f289 f429 f369
- f375
    - flags: bottom simplicial tested
    - normal:     0.256   0.9298   0.2646
    - offset: -0.1188894
    - center: 0.1041110033790271 0.07134599983692169 0.09790299832820892 
    - vertices: p470(v80) p442(v64) p784(v28)
    - neighboring facets: f376 f434 f433
- f376
    - flags: top simplicial tested
    - normal:    0.2642   0.9243   0.2753
    - offset: -0.1205055
    - center: 0.1180103371540705 0.06576933339238167 0.1036449993650119 
    - vertices: p383(v81) p442(v64) p784(v28)
    - neighboring facets: f375 f377 f381
- f377
    - flags: bottom simplicial tested
    - normal:    0.7607   0.5905   0.2696
    - offset: -0.1635963
    - center: 0.1341603348652522 0.06144766509532929 0.09368266661961873 
    - vertices: p383(v81) p410(v78) p784(v28)
    - neighboring facets: f367 f376 f378
- f378
    - flags: top simplicial tested
    - normal:    0.7607   0.5905   0.2697
    - offset: -0.1635989
    - center: 0.1355506678422292 0.05597633247574171 0.1017416665951411 
    - vertices: p383(v81) p410(v78) p382(v62)
    - neighboring facets: f366 f379 f377
- f379
    - flags: top simplicial tested
    - normal:    0.7298   0.3595   0.5815
    - offset: -0.1809499
    - center: 0.1306370049715042 0.05062066639463106 0.1159269983569781 
    - vertices: p383(v81) p382(v62) p384(v27)
    - neighboring facets: f369 f380 f378
- f380
    - flags: top simplicial tested seen
    - normal:    0.2122   0.5806   0.7861
    - offset: -0.1508112
    - center: 0.1173413371046384 0.04831899950901667 0.1244946643710136 
    - vertices: p383(v81) p384(v27) p440(v6)
    - neighboring facets: f460 f381 f379
    - ridges:
- f381
    - flags: bottom simplicial tested
    - normal:    0.2066   0.5871   0.7827
    - offset: -0.1501075
    - center: 0.1061050022641818 0.0579963338871797 0.1202716653545698 
    - vertices: p383(v81) p442(v64) p440(v6)
    - neighboring facets: f298 f380 f376
- f387
    - flags: bottom simplicial tested
    - normal:   -0.5326   0.4617  -0.7094
    - offset: -0.07439346
    - center: -0.0413043334459265 0.03489066691448291 -0.05115400068461894 
    - vertices: p46(v83) p161(v30) p724(v7)
    - neighboring facets: f253 f388 f389
- f388
    - flags: top simplicial tested
    - normal:   -0.5326   0.4625  -0.7088
    - offset:  -0.074395
    - center: -0.04193833346168201 0.04283599959065517 -0.04549266708393893 
    - vertices: p46(v83) p45(v68) p724(v7)
    - neighboring facets: f319 f387 f390
- f389
    - flags: bottom simplicial tested seen
    - normal:        -0   0.5787  -0.8156
    - offset: -0.07917214
    - center: -0.004640333354473114 0.04512266690532366 -0.06506066769361496 
    - vertices: p46(v83) p158(v48) p161(v30)
    - neighboring facets: f450 f387 f390
    - ridges:
- f390
    - flags: bottom simplicial tested
    - normal:  1.597e-05   0.5803  -0.8144
    - offset: -0.07917034
    - center: -0.005274333370228608 0.05306799958149592 -0.05939933409293493 
    - vertices: p46(v83) p45(v68) p158(v48)
    - neighboring facets: f360 f389 f388
- f391
    - flags: bottom simplicial
    - normal:   -0.9877 -9.525e-06   0.1564
    - offset:  -0.152433
    - vertices: p340(v84) p330(v54) p327(v0)
    - neighboring facets: f244 f393 f392
- f392
    - flags: bottom simplicial
    - normal:   -0.9877 -5.063e-06   0.1565
    - offset: -0.1524342
    - vertices: p340(v84) p329(v71) p330(v54)
    - neighboring facets: f351 f391 f399
- f393
    - flags: top simplicial
    - normal:   -0.7974  -0.5931  -0.1115
    - offset: -0.1134964
    - vertices: p340(v84) p334(v22) p327(v0)
    - neighboring facets: f80 f391 f398
- f395
    - flags: bottom simplicial
    - normal:   -0.1454  -0.5098   0.8479
    - offset: -0.1351248
    - vertices: p358(v85) p334(v22) p416(v12)
    - neighboring facets: f175 f396 f398
- f396
    - flags: top simplicial
    - normal:   -0.1735 -3.03e-06   0.9848
    - offset: -0.1477404
    - vertices: p358(v85) p354(v59) p416(v12)
    - neighboring facets: f269 f395 f397
- f397
    - flags: top simplicial
    - normal:   -0.7184 -1.255e-05   0.6957
    - offset: -0.1794878
    - vertices: p358(v85) p329(v71) p354(v59)
    - neighboring facets: f352 f396 f399
- f398
    - flags: bottom simplicial
    - normal:   -0.7292  -0.3067   0.6117
    - offset: -0.1751938
    - vertices: p358(v85) p340(v84) p334(v22)
    - neighboring facets: f393 f395 f399
- f399
    - flags: top simplicial
    - normal:   -0.7292  -0.3067   0.6117
    - offset: -0.1751942
    - vertices: p358(v85) p340(v84) p329(v71)
    - neighboring facets: f392 f397 f398
- f400
    - flags: bottom simplicial
    - normal:        -0  -0.5906   0.8069
    - offset: -0.1200363
    - vertices: p519(v86) p467(v74) p415(v40)
    - neighboring facets: f345 f402 f401
- f401
    - flags: top simplicial
    - normal:   0.00753  -0.6068   0.7948
    - offset:  -0.119986
    - center: 0.04108899963963116 -0.06855266665418941 0.09823466837406157 
    - vertices: p519(v86) p467(v74) p178(v58)
    - neighboring facets: f411 f403 f400
- f402
    - flags: top simplicial
    - normal:  -0.007537  -0.6068   0.7948
    - offset: -0.1199859
    - vertices: p519(v86) p216(v73) p415(v40)
    - neighboring facets: f342 f400 f403
- f403
    - flags: bottom simplicial
    - normal:  -1.323e-05  -0.6128   0.7902
    - offset: -0.1199592
    - vertices: p519(v86) p216(v73) p178(v58)
    - neighboring facets: f344 f401 f402
- f404
    - flags: bottom simplicial
    - normal:   -0.7299   0.3594   0.5815
    - offset: -0.1809504
    - vertices: p356(v87) p354(v59) p350(v41)
    - neighboring facets: f268 f406 f405
- f405
    - flags: bottom simplicial
    - normal:   -0.7299   0.3594   0.5815
    - offset: -0.1809505
    - vertices: p356(v87) p360(v75) p354(v59)
    - neighboring facets: f352 f404 f407
- f406
    - flags: top simplicial
    - normal:   -0.7607   0.5904   0.2697
    - offset: -0.1636038
    - vertices: p356(v87) p330(v54) p350(v41)
    - neighboring facets: f248 f404 f407
- f407
    - flags: top simplicial
    - normal:   -0.9877 7.248e-05   0.1565
    - offset: -0.1524419
    - vertices: p356(v87) p360(v75) p330(v54)
    - neighboring facets: f351 f406 f405
- f408
    - flags: bottom simplicial tested seen
    - normal:    0.1454  -0.5098   0.8479
    - offset: -0.1351272
    - center: 0.1173183346788089 -0.02428933295110863 0.1246406634648641 
    - vertices: p367(v88) p388(v76) p425(v26)
    - neighboring facets: f459 f409 f410
    - ridges:
- f409
    - flags: top simplicial tested
    - normal:    0.1429  -0.5123   0.8468
    - offset: -0.1347786
    - center: 0.1063613320390383 -0.03276566602289677 0.1213879982630412 
    - vertices: p367(v88) p467(v74) p425(v26)
    - neighboring facets: f345 f408 f411
- f410
    - flags: top simplicial tested
    - normal:    0.7292  -0.3067   0.6117
    - offset: -0.1751925
    - center: 0.1305066694815953 -0.02806866665681202 0.1167513305942217 
    - vertices: p367(v88) p388(v76) p366(v60)
    - neighboring facets: f428 f415 f408
- f411
    - flags: bottom simplicial tested
    - normal:    0.1338  -0.6947   0.7068
    - offset:  -0.125047
    - center: 0.08388633218904336 -0.05856566627820333 0.1034853334228198 
    - vertices: p367(v88) p467(v74) p178(v58)
    - neighboring facets: f401 f412 f409
- f412
    - flags: bottom simplicial tested
    - normal:    0.3347  -0.8593   0.3867
    - offset: -0.1211828
    - center: 0.06139699928462505 -0.08213733260830243 0.07770866652329762 
    - vertices: p367(v88) p178(v58) p104(v25)
    - neighboring facets: f264 f413 f411
- f413
    - flags: bottom simplicial tested
    - normal:    0.6014  -0.7972  -0.0528
    - offset: -0.1031547
    - center: 0.05872666587432226 -0.08865999802947044 0.05384666550283631 
    - vertices: p367(v88) p104(v25) p108(v10)
    - neighboring facets: f96 f414 f412
- f414
    - flags: top simplicial tested
    - normal:    0.6733  -0.7169  -0.1808
    - offset: -0.09467691
    - center: 0.09563266361753148 -0.05763466532031697 0.06103433249518275 
    - vertices: p367(v88) p391(v70) p108(v10)
    - neighboring facets: f327 f413 f416
- f415
    - flags: top simplicial tested
    - normal:    0.7974  -0.5931  -0.1115
    - offset: -0.1134899
    - center: 0.1361116667588552 -0.02682633325457573 0.09820200006167094 
    - vertices: p367(v88) p366(v60) p365(v1)
    - neighboring facets: f276 f416 f410
- f416
    - flags: bottom simplicial tested
    - normal:    0.7974  -0.5931  -0.1115
    - offset: -0.1134884
    - center: 0.1359209964672724 -0.02414333323637644 0.08256933341423671 
    - vertices: p367(v88) p391(v70) p365(v1)
    - neighboring facets: f325 f415 f414
- f417
    - flags: bottom simplicial
    - normal:    0.6496   0.5376  -0.5376
    - offset: -0.08270777
    - vertices: p717(v89) p375(v61) p690(v8)
    - neighboring facets: f280 f418 f419
- f418
    - flags: top simplicial
    - normal:    0.6133   0.5585  -0.5585
    - offset: -0.0800072
    - vertices: p717(v89) p128(v77) p690(v8)
    - neighboring facets: f357 f417 f419
- f419
    - flags: bottom simplicial
    - normal:    0.6207   0.5732  -0.5349
    - offset: -0.08076108
    - vertices: p717(v89) p128(v77) p375(v61)
    - neighboring facets: f361 f417 f418
- f420
    - flags: top simplicial tested seen
    - normal:    0.4954   0.8057  -0.3248
    - offset: -0.09348921
    - center: 0.05777166845897833 0.08894533415635426 0.02090966639419397 
    - vertices: p135(v90) p128(v77) p784(v28)
    - neighboring facets: f361 f442 f463
    - ridges:
- f428
    - flags: bottom simplicial tested seen
    - normal:    0.7292  -0.3066   0.6117
    - offset: -0.1751963
    - center: 0.1329273382822672 -0.01921700034290552 0.1183036640286446 
    - vertices: p409(v91) p388(v76) p366(v60)
    - neighboring facets: f410 f429 f467
    - ridges:
- f429
    - flags: top simplicial tested seen
    - normal:    0.9877       -0   0.1566
    - offset:  -0.152443
    - center: 0.1361153374115626 -0.001309666472176711 0.1150113319357236 
    - vertices: p409(v91) p381(v79) p366(v60)
    - neighboring facets: f370 f428 f468
    - ridges:
- f431
    - flags: top simplicial tested seen
    - normal:    0.2136   0.9309   0.2965
    - offset: -0.1187206
    - center: 0.06164633482694626 0.08493166665236156 0.08936699976523717 
    - vertices: p474(v92) p442(v64) p148(v44)
    - neighboring facets: f455 f432 f433
    - ridges:
- f432
    - flags: bottom simplicial tested
    - normal:    0.2193   0.9418   0.2548
    - offset: -0.1168111
    - center: 0.05190133303403854 0.09135799854993819 0.07609133422374725 
    - vertices: p474(v92) p787(v82) p148(v44)
    - neighboring facets: f438 f431 f435
- f433
    - flags: top simplicial tested
    - normal:    0.2522   0.9304   0.2659
    - offset: -0.1187393
    - center: 0.08069366961717606 0.07826933264732361 0.09613799800475438 
    - vertices: p474(v92) p470(v80) p442(v64)
    - neighboring facets: f375 f431 f434
- f434
    - flags: bottom simplicial tested
    - normal:    0.2554   0.9307   0.2618
    - offset: -0.1186496
    - center: 0.09429733703533809 0.07757533093293507 0.08541466544071834 
    - vertices: p474(v92) p470(v80) p784(v28)
    - neighboring facets: f375 f435 f433
- f435
    - flags: top simplicial tested
    - normal:    0.2563   0.9322   0.2556
    - offset: -0.1183536
    - center: 0.08642500142256419 0.08163366466760635 0.07864866654078166 
    - vertices: p474(v92) p787(v82) p784(v28)
    - neighboring facets: f436 f434 f432
- f436
    - flags: bottom simplicial tested
    - normal:    0.2703   0.9475   0.1706
    - offset: -0.1142001
    - center: 0.07373633359869321 0.08801633367935818 0.06371766701340675 
    - vertices: p149(v93) p787(v82) p784(v28)
    - neighboring facets: f435 f443 f438
- f438
    - flags: top simplicial tested seen
    - normal:    0.2215   0.9509   0.2161
    - offset: -0.1148453
    - center: 0.03921266521016756 0.09774066756169003 0.06116033469637235 
    - vertices: p149(v93) p787(v82) p148(v44)
    - neighboring facets: f432 f471 f436
    - ridges:
- f442
    - flags: top simplicial tested seen
    - normal:    0.3758   0.9235 -0.07663
    - offset: -0.1061159
    - center: 0.05975666828453541 0.09379366785287857 0.03864699974656105 
    - vertices: p141(v94) p135(v90) p784(v28)
    - neighboring facets: f420 f443 f475
    - ridges:
- f443
    - flags: bottom simplicial tested seen
    - normal:    0.3757   0.9236  -0.0765
    - offset: -0.1061209
    - center: 0.0605716680486997 0.09406600147485733 0.04593166646858057 
    - vertices: p141(v94) p149(v93) p784(v28)
    - neighboring facets: f436 f442 f479
    - ridges:
- f446
    - flags: bottom simplicial tricoplanar keepcentrum
    - owner of normal & centrum is facet f446
    - normal:  -5.121e-06       -0        1
    - offset: -0.1328455
    - center: -4.991888999938966e-07 0.01398350019007921 0.1328454986214638 
    - vertices: p425(v26) p421(v23) p416(v12)
    - neighboring facets: f269 f176 f447
- f447
    - flags: top simplicial tricoplanar
    - owner of normal & centrum is facet f446
    - normal:  -5.121e-06       -0        1
    - offset: -0.1328455
    - center: -4.991888999938966e-07 0.01398350019007921 0.1328454986214638 
    - vertices: p425(v26) p421(v23) p440(v6)
    - neighboring facets: f87 f459 f446
- f450
    - flags: top simplicial tricoplanar keepcentrum
    - owner of normal & centrum is facet f450
    - normal:        -0        0       -1
    - offset:  -0.065103
    - center: 1.667067408561707e-07 -0.008013333193957806 -0.06510300189256668 
    - vertices: p121(v52) p158(v48) p161(v30)
    - neighboring facets: f389 f452 f293
- f452
    - flags: bottom simplicial tricoplanar
    - owner of normal & centrum is facet f450
    - normal:        -0        0       -1
    - offset:  -0.065103
    - center: 1.667067408561707e-07 -0.008013333193957806 -0.06510300189256668 
    - vertices: p121(v52) p39(v50) p161(v30)
    - neighboring facets: f252 f450 f453
- f453
    - flags: top simplicial tricoplanar
    - owner of normal & centrum is facet f450
    - normal:        -0        0       -1
    - offset:  -0.065103
    - center: 1.667067408561707e-07 -0.008013333193957806 -0.06510300189256668 
    - vertices: p121(v52) p39(v50) p37(v3)
    - neighboring facets: f254 f237 f452
- f455
    - flags: bottom simplicial tricoplanar seen keepcentrum
    - owner of normal & centrum is facet f455
    - normal:         0   0.8269   0.5623
    - offset: -0.1223543
    - center: -4.991888999938965e-07 0.08321750164031982 0.09521500021219254 
    - vertices: p442(v64) p148(v44) p69(v20)
    - neighboring facets: f471 f456 f431
- f456
    - flags: bottom simplicial tricoplanar
    - owner of normal & centrum is facet f455
    - normal:         0   0.8269   0.5623
    - offset: -0.1223543
    - center: -4.991888999938965e-07 0.08321750164031982 0.09521500021219254 
    - vertices: p442(v64) p69(v20) p418(v11)
    - neighboring facets: f338 f298 f455
- f459
    - flags: top simplicial tricoplanar keepcentrum
    - owner of normal & centrum is facet f459
    - normal:    0.1735        0   0.9848
    - offset: -0.1477432
    - center: 0.1117820031940937 0.01302050007507205 0.1303254961967468 
    - vertices: p388(v76) p425(v26) p440(v6)
    - neighboring facets: f447 f460 f408
- f460
    - flags: bottom simplicial tricoplanar
    - owner of normal & centrum is facet f459
    - normal:    0.1735        0   0.9848
    - offset: -0.1477432
    - center: 0.1117820031940937 0.01302050007507205 0.1303254961967468 
    - vertices: p388(v76) p384(v27) p440(v6)
    - neighboring facets: f380 f459 f467
- f463
    - flags: bottom simplicial tricoplanar keepcentrum
    - owner of normal & centrum is facet f463
    - normal:        -0   0.9484  -0.3171
    - offset: -0.09769128
    - center: -2.50060111284256e-07 0.09962300211191179 -0.01011850032955408 
    - vertices: p135(v90) p128(v77) p49(v47)
    - neighboring facets: f359 f464 f420
- f464
    - flags: bottom simplicial tricoplanar
    - owner of normal & centrum is facet f463
    - normal:        -0   0.9484  -0.3171
    - offset: -0.09769128
    - center: -2.50060111284256e-07 0.09962300211191179 -0.01011850032955408 
    - vertices: p135(v90) p49(v47) p56(v45)
    - neighboring facets: f324 f475 f463
- f467
    - flags: top simplicial tricoplanar keepcentrum
    - owner of normal & centrum is facet f467
    - normal:    0.7184        0   0.6956
    - offset: -0.1794874
    - center: 0.1308710053563118 0.0119570002425462 0.1228664964437485 
    - vertices: p409(v91) p388(v76) p384(v27)
    - neighboring facets: f460 f468 f428
- f468
    - flags: bottom simplicial tricoplanar
    - owner of normal & centrum is facet f467
    - normal:    0.7184        0   0.6956
    - offset: -0.1794874
    - center: 0.1308710053563118 0.0119570002425462 0.1228664964437485 
    - vertices: p409(v91) p381(v79) p384(v27)
    - neighboring facets: f369 f467 f429
- f471
    - flags: top simplicial tricoplanar keepcentrum
    - owner of normal & centrum is facet f471
    - normal:         0   0.9694   0.2456
    - offset: -0.1122898
    - center: -2.50060111284256e-07 0.1021355018019676 0.05408600158989429 
    - vertices: p149(v93) p148(v44) p69(v20)
    - neighboring facets: f455 f472 f438
- f472
    - flags: top simplicial tricoplanar
    - owner of normal & centrum is facet f471
    - normal:         0   0.9694   0.2456
    - offset: -0.1122898
    - center: -2.50060111284256e-07 0.1021355018019676 0.05408600158989429 
    - vertices: p149(v93) p69(v20) p59(v2)
    - neighboring facets: f169 f479 f471
- f475
    - flags: bottom simplicial tricoplanar keepcentrum
    - owner of normal & centrum is facet f475
    - normal:         0   0.9993  -0.0374
    - offset:  -0.106204
    - center:      0 0.1068955026566982 0.01648749969899654 
    - vertices: p141(v94) p135(v90) p56(v45)
    - neighboring facets: f464 f476 f442
- f476
    - flags: top simplicial tricoplanar
    - owner of normal & centrum is facet f475
    - normal:         0   0.9993  -0.0374
    - offset:  -0.106204
    - center:      0 0.1068955026566982 0.01648749969899654 
    - vertices: p141(v94) p60(v65) p56(v45)
    - neighboring facets: f305 f475 f481
- f479
    - flags: top simplicial tricoplanar keepcentrum
    - owner of normal & centrum is facet f479
    - normal:        -0   0.9993 -0.03731
    - offset: -0.1062064
    - center: -2.50060111284256e-07 0.1073040030896664 0.02741449978202581 
    - vertices: p141(v94) p149(v93) p59(v2)
    - neighboring facets: f472 f481 f443
- f481
    - flags: bottom simplicial tricoplanar
    - owner of normal & centrum is facet f479
    - normal:        -0   0.9993 -0.03731
    - offset: -0.1062064
    - center: -2.50060111284256e-07 0.1073040030896664 0.02741449978202581 
    - vertices: p141(v94) p60(v65) p59(v2)
    - neighboring facets: f304 f479 f476
